3576;company;Yamaha
1993;model_year;2006
3012;model_year;2016
2230;company;Bajaj
38;owner;first
2449;mileage;57.0
2832;mileage;45.0
3036;price;48000
3067;power;140.0
624;power;12.0
2319;mileage;30.0
1458;location;mumbai
3595;kms_driven;7500
305;model;HF
1176;price;122883
1446;model;Duke
543;location;bangalore
1406;company;KTM
2554;mileage;65.0
471;power;25.0
3108;price;145000
539;owner;first
1188;price;167000
1439;company;Hero
2726;company;Benelli
1840;kms_driven;9400
965;location;jaipur
137;model;Duke
3989;location;mumbai
140;owner;first
976;model_year;2012
1514;kms_driven;303000
2370;price;320000
2655;model_year;2016
3922;power;25.1
3074;price;120000
2084;model;Avenger
1547;model;Avenger
2529;price;85000
1848;mileage;83.0
838;model;Classic
1526;model;Passion
3823;company;Royal-Enfield
2642;model;Thunderbird
2137;location;mumbai
590;model;Renegade
1862;model;Thunderbird
2937;owner;first
2917;price;112100
3270;model_year;2011
4100;location;chennai
3748;company;Royal-Enfield
2530;location;delhi
625;model_year;2020
4001;location;delhi
2614;model;Bullet
368;power;13.0
2354;location;ahmedabad
3107;model;Passion
2664;owner;first
1387;model;Renegade
1767;company;Royal-Enfield
1084;price;44000
4030;power;11.8
2143;location;chennai
2959;power;27.2
2418;owner;second
751;model;CBZ
2647;model_year;2016
716;location;bangalore
1525;kms_driven;37265
1821;model_year;2013
709;price;130000
2378;location;vadodara
2564;mileage;35.0
905;model_year;2007
1652;model;Mojo
68;model;Karizma
3974;company;Hero
2797;model_year;2010
393;location;delhi
2218;price;198000
3406;power;82.7
3145;model;Super
236;kms_driven;20000
2481;model;Gixxer
873;model_year;2015
3471;power;19.8
126;company;Bajaj
59;location;chittorgarh
493;power;19.8
923;model;Star
3579;kms_driven;19500
1822;mileage;40.0
3617;model_year;2017
1938;price;80000
3754;company;Bajaj
3920;mileage;43.0
369;price;95000
1960;owner;first
3912;kms_driven;9700
3732;mileage;40.0
3473;kms_driven;29067
2795;price;33500
3565;model;YZF-R15
457;model;Star
3853;owner;first
2026;model_year;2019
2939;company;Hero
2912;mileage;65.0
1776;location;gurgaon
769;company;Bajaj
1964;location;delhi
2164;company;TVS
1462;kms_driven;10000
1282;location;nagpur
1627;owner;second
3196;model_year;2014
815;power;24.5
2725;price;35000
1884;kms_driven;53000
3094;company;Bajaj
3337;kms_driven;35778
3280;owner;first
3902;company;Bajaj
3405;location;mumbai
3568;power;27.2
108;owner;first
2773;model;RC
3240;location;pune
217;company;Bajaj
728;location;delhi
3478;owner;first
170;kms_driven;4333
3347;company;Royal-Enfield
3766;company;Royal-Enfield
3758;power;27.2
1934;mileage;40.0
130;owner;first
2352;power;16.8
1323;mileage;35.0
1212;location;delhi
3569;model_year;2008
537;location;indore
3757;power;18.28
778;kms_driven;6000
2887;power;13.0
3547;power;19.0
272;power;24.8
2276;mileage;40.0
3338;model_year;2019
4066;mileage;81.0
60;location;bangalore
1942;company;Royal-Enfield
2205;owner;first
330;location;lucknow
38;model;Passion
1708;owner;first
2749;model;YZF-R15
677;kms_driven;16000
3822;mileage;40.0
663;mileage;62.0
626;company;Yamaha
2941;owner;first
1206;company;TVS
4009;model;Pulsar
2664;company;KTM
3592;mileage;55.0
1979;model_year;2010
2101;price;32000
1677;company;Royal-Enfield
4100;model_year;2016
3894;price;16000
1594;model;Pulsar
2284;power;82.7
1422;mileage;35.0
3808;company;Royal-Enfield
721;kms_driven;2977
3035;kms_driven;30000
1144;company;Yamaha
2806;model;Classic
1956;price;99000
2449;price;60000
3033;company;Yamaha
2818;power;26.15
845;power;19.8
2140;kms_driven;9000
1326;owner;first
3161;mileage;32.0
2272;mileage;45.0
1696;kms_driven;13792
1875;location;chennai
812;power;19.8
407;power;8.2
1120;mileage;45.0
1142;power;12.32
1464;owner;first
3840;owner;first
2726;model;TNT
2152;kms_driven;34000
3279;model_year;2018
659;price;46000
3849;location;hyderabad
122;mileage;67.0
1598;power;11.8
900;model_year;2005
524;mileage;37.0
705;company;Yamaha
3886;location;mumbai
1088;model;Pulsar
2057;mileage;63.0
3859;model;Gixxer
1393;model;Himalayan
2829;kms_driven;12233
565;power;25.0
2525;company;Suzuki
67;owner;first
1394;owner;second
3202;model;Pulsar
297;power;19.8
1385;company;KTM
76;owner;second
830;location;bangalore
1428;model_year;2010
1538;kms_driven;18000
3353;owner;second
2730;location;delhi
860;model;YZF-R15
1123;mileage;25.0
2650;location;delhi
3324;model;Thunderbird
2572;model;Electra
25;model_year;2015
3638;company;KTM
568;kms_driven;29609
3202;company;Bajaj
174;model_year;2016
1891;mileage;35.0
425;mileage;53.0
3899;company;Royal-Enfield
153;location;jaipur
1162;mileage;32.0
3308;price;56000
3049;model;Passion
2931;model_year;2014
2544;company;Suzuki
3259;model;Splendor
1459;kms_driven;7000
418;mileage;45.0
3901;location;delhi
637;price;148700
1478;model;Classic
380;location;hyderabad
840;owner;first
1140;company;Royal-Enfield
955;mileage;35.0
3207;price;91100
198;power;19.8
2991;kms_driven;32000
1959;kms_driven;9000
2325;model;Classic
868;model;Classic
2438;price;60000
1806;owner;first
1932;power;14.3
3396;model;Pulsar
3831;power;9.0
1773;price;83000
860;company;Yamaha
1238;owner;first
569;price;65000
192;power;24.8
2252;model;Splendor
3939;model_year;2016
1931;price;69000
213;model;HF
2240;kms_driven;5059
1026;power;14.0
1717;model;Passion
1144;model;YZF-R15
1159;model;RC
277;mileage;25.0
3997;owner;first
909;price;135000
2056;location;ahmedabad
1038;kms_driven;44000
2874;location;delhi
836;power;19.8
286;model_year;2016
2116;price;186750
3279;power;42.9
3892;mileage;55.0
3848;owner;first
1192;price;28000
1885;company;Bajaj
1900;power;11.8
3654;price;100000
3032;mileage;55.0
2492;location;delhi
3930;model_year;2010
966;price;45000
351;company;Royal-Enfield
3022;company;Royal-Enfield
1961;mileage;25.0
3070;location;bangalore
3511;price;280000
3989;kms_driven;5000
1434;power;19.8
1537;owner;first
1602;power;67.2
3033;power;16.7
1298;price;58727
1985;model;Pulsar
227;location;ludhiana
77;kms_driven;23000
2810;model_year;2017
3097;mileage;25.0
1496;owner;first
3343;company;Royal-Enfield
2634;model_year;2013
2971;model_year;2018
230;owner;second
1778;mileage;35.0
3317;kms_driven;3500
3729;model_year;2004
2173;kms_driven;8800
1509;power;8.2
2000;location;mumbai
625;model;Splendor
823;mileage;5.0
34;mileage;25.0
2304;model;CBR
2911;price;325000
3513;location;pune
245;model_year;2017
2256;model_year;2017
1972;company;Bajaj
2958;model_year;2016
2470;price;160000
3381;location;chennai
2648;mileage;25.0
2760;owner;first
2982;price;150000
1172;price;103900
914;mileage;26.0
2076;price;35000
1861;owner;first
2501;owner;first
2312;model_year;2015
49;kms_driven;23000
3301;mileage;63.0
2285;mileage;81.0
445;location;delhi
2261;mileage;30.0
425;power;19.0
1138;kms_driven;26060
109;model_year;2018
233;company;Royal-Enfield
66;price;50000
1376;power;14.3
355;model_year;2018
1867;owner;first
2028;power;15.0
1292;location;bangalore
347;owner;second
1281;owner;first
2346;power;19.8
3343;kms_driven;21749
3028;model;Thunderbird
2704;price;168000
3262;price;22500
2891;mileage;81.0
1916;power;65.0
2962;price;110000
3432;power;19.8
3404;model_year;2016
830;mileage;37.0
526;power;7.4
2255;power;15.0
919;kms_driven;7000
3658;price;169912
2919;location;delhi
1785;location;pune
1581;model_year;2003
2063;mileage;35.0
1738;kms_driven;75000
2638;location;bangalore
3744;model;GT650R
251;model;Thunderbird
1924;location;bangalore
1567;mileage;45.0
973;power;111.0
1472;model_year;2014
273;company;Suzuki
3163;company;Bajaj
3225;power;11.8
3486;power;42.3
3303;power;47.0
831;company;Bajaj
1327;model_year;2016
698;price;115000
2130;company;Royal-Enfield
2962;location;pune
3724;model_year;2017
419;kms_driven;37000
3852;model;Avenger
3482;mileage;35.0
745;kms_driven;30000
1709;kms_driven;24460
1464;model;Iron
79;mileage;32.0
1645;power;11.0
302;model;Apache
1481;price;52000
105;power;42.3
2936;power;19.8
464;company;Royal-Enfield
2132;power;8.0
423;location;delhi
1925;power;25.0
503;price;70000
3356;location;faridabad
3558;kms_driven;9191
2693;owner;first
2511;kms_driven;7000
1519;power;12.5
3106;owner;first
827;location;hyderabad
2508;power;11.8
2804;company;Bajaj
877;model_year;2011
3236;kms_driven;5000
2492;power;27.2
3881;model;Splendor
1739;model_year;2015
2983;kms_driven;40000
4048;owner;first
3397;power;19.8
422;price;140000
2776;model;Bullet
566;location;mumbai
3349;location;vadodara
1239;price;15000
1418;company;UM
653;model;Karizma
3229;kms_driven;33371
2588;kms_driven;37000
2362;kms_driven;19845
182;company;Royal-Enfield
851;location;mumbai
3059;model_year;2014
1905;location;gurgaon
3884;model_year;2015
2159;mileage;55.0
1119;power;19.8
3552;owner;first
2660;power;27.2
1810;company;Royal-Enfield
3943;company;Bajaj
584;price;69500
1778;model;Classic
3280;model_year;2015
2941;price;137999
1166;mileage;40.0
204;model_year;2016
2677;model_year;2016
3057;model;Classic
175;model;Pulsar
3628;mileage;35.0
2575;kms_driven;3900
1178;mileage;30.0
327;model_year;2021
905;model;Discover
3626;model_year;2015
1889;kms_driven;33000
3026;model;Pulsar
1187;price;30500
1385;price;110000
1018;price;25000
68;mileage;40.0
2973;model_year;2018
1242;power;24.8
323;company;Bajaj
1471;model;Classic
1897;price;50000
1453;mileage;35.0
1758;mileage;45.0
3578;location;pune
3063;model;Thunderbird
1;price;63500
154;model;Thunderbird
977;mileage;5.0
1053;company;Bajaj
764;mileage;42.0
3859;kms_driven;3000
3996;price;112000
2974;model_year;2016
1006;price;95250
1382;owner;second
2419;mileage;57.0
2031;location;delhi
2373;model_year;2018
3086;company;Hyosung
3741;kms_driven;27500
1427;location;pune
3225;location;delhi
2404;price;160000
1734;power;17.0
3635;mileage;65.0
2390;company;Royal-Enfield
1468;power;50.0
3783;location;bangalore
2685;model_year;2012
1252;company;Royal-Enfield
3213;price;95000
1598;location;bangalore
626;owner;second
1390;power;8.0
822;price;20500
375;kms_driven;10000
1958;power;21.0
3547;location;kalyan
4015;model_year;1997
2885;kms_driven;2500
3670;owner;first
2057;power;14.0
2375;mileage;40.0
2790;location;jaipur
417;owner;first
2816;power;27.2
1254;mileage;35.0
3189;price;135000
1468;mileage;20.0
1518;power;19.8
564;location;ahmedabad
3583;owner;first
475;power;19.8
3440;owner;first
353;kms_driven;46650
604;price;90000
896;model;V15
2243;company;Bajaj
1681;kms_driven;4368
320;company;Royal-Enfield
3204;power;19.8
2780;kms_driven;9100
1407;owner;third
1619;owner;first
2656;owner;first
1734;owner;second
1503;price;95000
1177;model_year;2020
2960;price;100000
1979;power;19.8
1100;power;8.2
2541;kms_driven;20000
849;price;153400
4097;model_year;2011
1228;company;Bajaj
1205;kms_driven;30000
2381;model_year;2006
1401;model_year;2015
729;model;Duke
2089;price;175000
1234;model;Renegade
2423;company;Hero
707;kms_driven;12897
3043;company;Royal-Enfield
211;company;Bajaj
3639;price;39200
3303;company;Harley-Davidson
1865;model_year;2014
2200;model;Pulsar
285;owner;first
2251;company;Hero
2549;model;Classic
958;location;delhi
2093;model_year;2009
1055;owner;first
2145;model_year;2006
3098;model_year;2012
748;company;Hero
1469;price;311250
1231;company;Royal-Enfield
782;price;134400
104;owner;first
1166;company;Suzuki
3197;model_year;2014
3601;mileage;42.0
1772;location;mumbai
3940;owner;first
2696;price;75000
2;model;Classic
2918;model_year;2016
210;power;24.6
1299;owner;first
1159;mileage;35.0
583;kms_driven;25600
3477;power;17.0
3749;mileage;65.0
813;power;12.0
1871;mileage;40.0
1680;location;bangalore
1712;mileage;35.0
1379;power;26.21
3112;power;8.2
3598;price;93000
105;company;KTM
3887;mileage;40.0
3271;kms_driven;17000
3503;location;delhi
74;owner;first
3412;model_year;2017
2189;power;19.8
2953;model_year;2016
3078;model_year;2016
731;power;19.0
787;power;8.17
691;company;Bajaj
1708;location;delhi
520;power;15.0
236;location;bangalore
2097;power;27.2
2750;kms_driven;8100
3605;model_year;2014
1868;location;bangalore
3070;price;60800
2605;mileage;32.0
298;kms_driven;2438
2527;company;UM
165;location;kolkata
1131;power;19.8
1112;mileage;38.0
2799;price;95000
2355;kms_driven;13000
1659;location;delhi
3737;power;27.2
2137;model;TNT
751;location;bangalore
3427;kms_driven;10800
3075;model_year;2017
3921;kms_driven;7000
1934;location;noida
2849;model_year;2019
3502;kms_driven;6000
780;company;Hero
1780;model_year;2013
1049;location;bangalore
3299;location;mumbai
2143;price;100000
2325;power;19.8
830;model_year;2014
2819;kms_driven;1112
889;kms_driven;35000
604;mileage;42.0
328;model;Hunk
1183;price;33000
421;owner;first
3573;kms_driven;5000
2108;power;25.1
841;price;150000
2884;power;8.2
1756;owner;first
3886;kms_driven;12500
2233;price;122550
1202;owner;first
553;location;delhi
2082;power;19.0
632;kms_driven;28000
2582;kms_driven;17000
3910;model_year;2016
3212;mileage;57.0
1605;location;rohtak
2205;model_year;2011
486;owner;first
3458;model;Himalayan
2171;power;19.1
1854;model;Avenger
3932;location;rajkot
1561;price;181562
3813;company;Royal-Enfield
874;mileage;26.0
912;price;115000
3146;price;130000
670;model_year;2015
625;mileage;55.0
2499;kms_driven;4061
3310;company;Honda
2229;model_year;2019
1902;model;FZS-FI
2765;power;27.2
1553;power;19.8
4067;kms_driven;32145
2236;kms_driven;16650
3652;owner;first
2733;owner;first
2084;power;19.0
255;owner;first
556;model_year;2016
2185;company;TVS
1723;owner;first
3216;mileage;60.0
1674;power;8.1
1605;power;8.2
310;power;8.2
2066;kms_driven;9892
1126;model_year;2020
2658;model_year;2014
664;price;45000
2326;mileage;53.0
1189;price;38000
235;owner;first
1434;price;110000
3549;kms_driven;12500
1929;price;78501
3980;price;130000
2739;model_year;2016
809;price;74400
2803;model;V15
3435;kms_driven;19700
285;power;25.0
3790;owner;first
1707;power;11.8
2803;power;11.8
2937;power;18.28
3488;power;26.1
530;power;7.7
594;price;123250
2960;owner;first
1004;kms_driven;1700
911;owner;first
1930;price;110000
4048;mileage;37.0
2810;owner;first
2399;kms_driven;30000
3271;price;185000
3843;model;RC
3556;company;Bajaj
3793;mileage;35.0
1537;model;Bullet
555;owner;first
2913;price;260000
975;owner;first
3055;owner;first
3838;model;Pulsar
262;model_year;2017
1755;company;Kawasaki
1344;power;19.0
2765;owner;first
1376;owner;second
1503;mileage;35.0
2635;kms_driven;5800
3168;power;27.2
2131;price;42000
1335;mileage;35.0
2259;owner;first
2111;mileage;35.0
934;model_year;2013
1326;location;chennai
1661;location;delhi
1575;company;Yamaha
3330;mileage;35.0
3592;model;Hunk
374;company;Bajaj
3770;model_year;2016
139;company;Royal-Enfield
849;model;Himalayan
2176;company;Bajaj
1050;model_year;2018
2671;price;85000
3029;price;97000
1305;power;24.5
362;model;Super
3573;owner;first
1719;kms_driven;75000
37;company;Bajaj
1973;company;Hero
909;mileage;32.0
2906;mileage;32.0
2297;price;466875
2892;model_year;2013
1765;owner;first
3829;model;Classic
1016;kms_driven;5000
2827;mileage;42.0
2862;model_year;2014
3161;price;107310
1269;price;175000
577;price;137400
490;location;pune
1173;power;21.0
528;power;19.8
357;company;Royal-Enfield
3845;power;16.0
2167;kms_driven;22000
1650;mileage;45.0
3172;power;42.3
973;location;pune
2346;model;Classic
1681;location;bangalore
3302;power;19.8
4096;location;delhi
3122;kms_driven;28975
2214;mileage;40.0
1300;mileage;55.0
133;company;Hero
3680;company;UM
825;location;vadodara
1305;owner;first
1678;model;Avenger
2851;company;Hyosung
3318;model_year;2018
3281;price;499999
1656;location;kolkata
335;model;Avenger
1966;model;Ignitor
586;power;14.0
4057;model;Passion
3878;owner;first
178;kms_driven;23000
2119;model_year;2021
3430;location;mumbai
3437;model_year;2008
213;power;7.7
3933;location;delhi
3539;kms_driven;34061
3155;model;Classic
2551;price;115000
1919;power;8.2
3656;owner;second
3318;power;33.0
856;price;75000
3852;model_year;2018
3294;price;119000
395;mileage;40.0
1447;model;Passion
3134;location;jalandhar
2579;model;Classic
2059;model_year;2011
313;power;16.7
3711;price;62700
3614;price;13000
1648;owner;first
2147;model;Gixxer
4009;mileage;64.0
43;company;Hero
949;owner;first
162;owner;first
2905;model_year;2018
3453;power;19.0
3560;company;Royal-Enfield
3840;model;Pulsar
1565;price;525000
2402;owner;second
2850;location;pune
826;company;Hero
1509;mileage;81.0
1358;power;11.8
1029;price;30000
1286;model;Renegade
622;location;bangalore
323;owner;first
1998;owner;first
2975;power;47.0
535;model_year;2008
2692;mileage;45.0
3509;company;Benelli
2384;model;YZF-R15
1449;model;Thunderbird
2499;power;42.3
2031;model;Bullet
2004;owner;first
1312;price;65000
1235;location;delhi
2636;model_year;2016
3530;location;mumbai
1544;power;19.8
1404;location;ranchi
1669;company;Royal-Enfield
2071;price;120000
642;model_year;2013
773;kms_driven;22033
3381;price;300000
720;model;CD
244;kms_driven;16000
655;location;howrah
2342;model_year;2015
1916;location;delhi
592;kms_driven;26000
2858;model;CT
423;kms_driven;10000
1270;company;Yamaha
1038;model;Classic
856;model_year;2018
2966;kms_driven;6900
1872;model;Street
2884;model_year;2010
2012;kms_driven;50000
2434;owner;first
896;price;38000
740;model_year;2017
3724;owner;first
3605;power;27.2
2073;owner;first
187;model_year;2018
1641;model_year;2015
1431;kms_driven;6700
3755;mileage;32.0
2785;location;noida
3634;power;19.8
3249;location;hyderabad
3827;owner;third
2172;model;Classic
2231;location;bangalore
2020;model_year;2019
2674;price;36000
2408;location;gurgaon
1656;mileage;32.0
4051;model_year;2016
1451;owner;first
1443;model;Xtreme
4069;kms_driven;3000
446;mileage;35.0
474;mileage;38.0
1599;power;19.8
495;mileage;65.0
2829;company;Royal-Enfield
790;location;hyderabad
2949;mileage;50.0
909;location;thane
3821;owner;second
2590;kms_driven;10000
7;kms_driven;25000
2733;kms_driven;4000
2909;power;47.0
884;company;Mahindra
363;model_year;2016
3183;owner;first
2732;company;Bajaj
4058;power;7.5
2618;model_year;2019
2444;model;Thunderbird
4034;owner;first
2735;model_year;2014
2514;price;100000
3857;power;20.0
2140;company;Kawasaki
1137;model_year;2011
3747;model;Renegade
2320;location;delhi
273;owner;first
2743;owner;first
2840;owner;first
3444;location;bangalore
678;model;Classic
2746;location;indore
1848;price;43500
3627;model;Bullet
3718;mileage;26.0
1331;power;17.0
3741;model_year;2016
3094;owner;first
2682;owner;first
1894;power;37.73
1792;mileage;65.0
2482;price;120000
3298;company;Royal-Enfield
3150;owner;first
3511;company;Benelli
2980;price;85000
315;price;185000
2879;power;29.1
3236;price;50000
3330;company;Royal-Enfield
2120;mileage;35.0
3304;location;hyderabad
1741;power;8.2
649;model;Pulsar
1250;mileage;35.0
3704;model_year;2018
1147;power;19.8
695;model_year;2012
2954;model_year;2018
1085;company;Hero
1063;model_year;2016
2888;owner;first
3876;price;22000
60;model_year;2016
3067;location;chennai
489;mileage;37.0
888;model_year;2019
3351;price;48000
1420;owner;second
3704;kms_driven;7050
3326;owner;second
1554;company;Bajaj
1698;owner;second
3144;price;32000
1740;power;13.0
3175;kms_driven;17000
2440;location;thane
2270;kms_driven;67872
2237;price;62600
1011;mileage;57.0
1803;model;CB
590;price;140000
1849;model_year;2019
2085;location;hyderabad
2745;price;89999
452;company;Suzuki
1307;location;kolkata
3249;kms_driven;6500
3134;price;125000
1436;mileage;63.0
82;company;Royal-Enfield
450;mileage;55.0
3045;model_year;2016
3975;owner;first
3439;model_year;2018
3229;power;27.2
1620;power;70.0
1000;price;39352
3626;model;Star
1127;model;Passion
625;kms_driven;2000
2510;company;Bajaj
3022;owner;first
2747;location;ahmedabad
1035;price;277466
2400;company;Honda
2909;kms_driven;8100
2445;company;Bajaj
3588;location;faridabad
2326;kms_driven;16462
3597;price;115000
2089;model_year;2019
3776;mileage;35.0
2421;model;Gixxer
233;price;85500
3340;kms_driven;13000
1218;location;faridabad
752;company;Royal-Enfield
1307;kms_driven;23300
700;company;Royal-Enfield
3471;owner;first
2301;mileage;35.0
3061;mileage;35.0
1243;location;jaipur
584;model;Avenger
3227;location;pune
3647;kms_driven;24925
2460;owner;first
3393;kms_driven;63371
3480;owner;first
2222;power;11.8
530;price;23500
2242;location;bangalore
1076;model;Pulsar
3120;price;119000
627;price;99902
1606;model;YZF-R15
3725;location;mumbai
1670;mileage;55.0
3558;mileage;35.0
132;power;27.2
3593;mileage;57.0
530;model;HF
1457;power;41.4
3895;company;Hero
1887;model;Xtreme
485;price;35800
1064;location;ranchi
1934;owner;first
2325;mileage;35.0
72;company;Hero
2332;model;Splendor
3852;price;82750
454;kms_driven;2350
3752;kms_driven;5264
362;model_year;2019
3424;model;Discover
3516;kms_driven;1000
3190;kms_driven;12000
2648;company;Royal-Enfield
3199;kms_driven;53200
3840;mileage;65.0
2106;model_year;2020
2716;price;100000
2133;owner;first
2184;model;Star
1770;company;Suzuki
2850;price;105000
2573;company;Bajaj
2529;model_year;2015
314;model_year;2013
1728;owner;second
3859;location;chennai
1847;company;Hero
3973;location;delhi
1117;kms_driven;21200
416;kms_driven;12000
2262;mileage;35.0
627;mileage;40.0
1572;model;Duke
3777;model;Bullet
1241;kms_driven;35000
158;kms_driven;10143
1451;location;mumbai
1545;mileage;35.0
578;mileage;30.0
814;owner;first
147;model;FZs
509;price;50000
486;mileage;52.0
266;company;Royal-Enfield
3967;model;Classic
1126;price;135000
2431;model_year;2017
2300;owner;first
3850;power;8.24
3067;owner;first
1440;company;Bajaj
403;power;24.8
2721;mileage;20.0
3298;location;mumbai
3247;location;kalyan
1059;location;hyderabad
2275;kms_driven;47000
3250;power;19.8
353;power;25.1
3709;location;ghaziabad
2552;company;Royal-Enfield
2156;mileage;53.0
325;model;Classic
3940;model_year;2018
131;power;8.9
264;location;delhi
1698;company;Royal-Enfield
1902;price;129000
2540;power;11.8
3010;power;19.8
2452;location;ghaziabad
160;mileage;35.0
773;price;41000
1915;kms_driven;46000
3241;kms_driven;53000
856;mileage;35.0
906;mileage;32.0
3809;price;90400
3008;company;Royal-Enfield
3045;model;Standard
529;kms_driven;6750
79;power;27.2
867;location;delhi
871;price;80000
2728;kms_driven;13500
3976;model_year;2013
1908;location;bangalore
2642;model_year;2005
3822;company;Suzuki
964;model_year;2009
3736;location;gautam buddha nagar
3387;mileage;45.0
1289;mileage;40.0
3719;owner;first
944;location;thane
3052;company;Royal-Enfield
867;price;145600
1173;kms_driven;38000
853;kms_driven;30000
3092;company;Bajaj
1957;location;noida
3253;model;Thunderbird
958;kms_driven;2230
1379;location;ghaziabad
2204;price;45000
1463;model_year;2016
2278;power;25.1
919;company;Royal-Enfield
1442;kms_driven;34000
3288;model_year;2014
2575;power;20.3
2700;mileage;40.0
796;kms_driven;14000
3921;price;62000
3305;mileage;35.0
3569;company;Bajaj
2935;price;25000
3473;power;7.4
2675;owner;first
3102;model_year;2016
2118;price;166000
2625;model_year;2013
761;location;bangalore
1140;model_year;2019
3182;model_year;2018
3287;model_year;2012
2750;model;Himalayan
1638;mileage;40.0
1541;model;Thunderbird
2793;location;mumbai
4084;model;Passion
3369;company;Hero
1539;owner;first
3062;model_year;2020
4078;model_year;2006
3728;location;mumbai
3418;model_year;2013
850;model_year;2016
304;price;45000
4086;owner;first
102;company;Bajaj
3348;model_year;2019
3768;power;16.0
1833;mileage;65.0
1036;power;25.1
3359;owner;first
969;price;37000
1947;location;delhi
247;price;43500
76;model_year;2013
2357;location;nagpur
1508;kms_driven;36410
3330;model_year;2015
2457;mileage;40.0
3539;price;85400
1183;kms_driven;31000
1042;mileage;89.0
3248;mileage;35.0
3353;price;120000
1737;model;CBZ
1983;mileage;25.0
215;price;26000
30;model;Ignitor
1613;mileage;45.0
2631;price;35000
1579;power;19.8
3426;mileage;20.0
3327;price;150000
3833;model_year;2013
3392;kms_driven;37500
1054;model;Splendor
382;owner;first
3961;price;21000
1686;price;99000
2689;price;156000
868;mileage;32.0
1968;model_year;2004
3353;kms_driven;22500
491;model;Avenger
1168;price;34874
2411;kms_driven;5000
1624;company;Yamaha
1358;kms_driven;11500
497;company;KTM
921;owner;first
2007;price;24000
698;model;Thunderbird
1492;price;180000
569;location;dehradun
2096;company;Honda
2655;price;105000
2829;power;27.2
2034;company;Yamaha
2066;model_year;2019
2447;model;RC
3532;model_year;2016
1410;mileage;84.0
37;mileage;38.0
895;power;8.1
1596;power;14.0
3456;owner;first
2772;company;Kawasaki
3687;kms_driven;35000
1559;model_year;2018
281;kms_driven;11233
2703;mileage;53.0
577;power;19.8
589;kms_driven;30000
3083;owner;first
3240;owner;first
114;mileage;35.0
1822;owner;first
1116;location;pune
973;mileage;20.0
293;owner;first
770;mileage;40.0
2451;company;UM
1846;company;Yamaha
3424;power;12.32
3816;model;Pulsar
75;mileage;43.0
416;mileage;35.0
3810;kms_driven;12000
1575;owner;first
3245;location;kolkata
1029;model;Pulsar
952;kms_driven;16000
1498;location;bangalore
3388;power;7.4
1534;price;190000
3693;model;Duke
3007;owner;second
925;power;16.0
2458;kms_driven;31000
1904;mileage;38.0
3391;location;nashik
2871;owner;first
2574;owner;first
2187;price;35000
3337;owner;first
2225;model_year;2014
3776;kms_driven;9300
82;price;175000
2130;power;19.8
3400;owner;first
2695;power;19.8
1976;power;19.8
3509;model_year;2016
544;mileage;40.0
2267;company;Bajaj
2581;model_year;2017
2132;owner;first
3757;price;49500
160;company;Royal-Enfield
2902;kms_driven;4370
1458;owner;first
2423;model_year;2009
1554;price;14700
2673;location;delhi
3408;power;19.8
570;price;80000
859;mileage;55.0
846;model_year;2017
3823;power;19.8
1802;price;150000
3030;kms_driven;26000
1990;company;Yamaha
3379;price;59000
3423;model;Himalayan
1533;company;Harley-Davidson
3843;power;43.0
3330;power;19.8
1777;model_year;2014
2906;model;Himalayan
2397;power;13.0
1159;price;120000
1135;owner;first
177;price;130000
2982;owner;second
1028;company;KTM
1204;model_year;2013
385;mileage;35.0
3483;kms_driven;3350
1;owner;first
2653;owner;first
3366;owner;first
1425;owner;first
469;mileage;35.0
1672;company;Royal-Enfield
2321;company;Royal-Enfield
972;kms_driven;3000
1566;price;20000
2607;model;Bullet
2545;model_year;2014
1402;mileage;35.0
1771;price;240000
3505;price;350000
2360;power;7.4
1276;model;Gixxer
430;model;Pulsar
2548;model_year;2009
3576;kms_driven;30000
2440;company;Bajaj
4088;kms_driven;20102
16;price;67000
1917;power;27.2
3209;price;70000
3023;price;70000
717;owner;first
518;model;Thunderbird
3771;location;bangalore
3661;company;KTM
693;model_year;2020
1589;location;surat
3752;price;125000
2639;price;185000
1913;mileage;60.0
2389;kms_driven;14000
4057;kms_driven;28000
1153;model;Continental
1327;kms_driven;15600
1621;mileage;18.0
86;company;Bajaj
2171;company;Royal-Enfield
3775;price;10000
2363;company;Hero
2547;power;19.0
2186;model;Thunderbird
407;price;34000
1751;company;KTM
597;model;Avenger
1542;price;110000
712;power;16.0
1375;mileage;40.0
2490;location;delhi
2359;company;Hero
3913;price;115000
1617;price;35000
1189;model;V15
46;location;delhi
2029;owner;first
2956;company;UM
1291;owner;first
2412;model_year;2017
1759;kms_driven;1000
3967;location;mumbai
1836;company;Bajaj
983;company;Hero
3357;mileage;35.0
1284;power;19.0
3330;kms_driven;13452
2567;price;40500
652;mileage;52.0
2324;price;104000
2456;location;patna
1963;price;170000
727;model;Gixxer
1228;kms_driven;36000
1632;kms_driven;11936
261;owner;first
3250;model;Classic
2837;price;35000
118;model_year;2018
2267;price;125000
3972;company;Yamaha
3964;kms_driven;50000
1689;model_year;2017
1457;model_year;2016
671;company;KTM
3527;owner;first
1915;model_year;2017
3026;mileage;65.0
2677;company;Yamaha
1344;company;Bajaj
1629;owner;first
1748;mileage;65.0
1543;power;21.0
2356;kms_driven;21511
1071;mileage;38.0
209;mileage;35.0
2165;mileage;75.0
3082;kms_driven;35000
3994;company;Hero
3277;power;8.2
282;power;17.0
33;company;Royal-Enfield
1147;location;bangalore
3331;mileage;45.0
2074;power;24.8
980;location;coimbatore
1337;mileage;35.0
4032;model;Splendor
283;company;Bajaj
1613;company;Yamaha
461;owner;first
3734;company;Hero
1504;power;27.2
2176;location;jaipur
1986;location;ahmedabad
2674;kms_driven;19000
548;kms_driven;95000
628;owner;third
330;model_year;2017
2637;owner;first
2280;location;bangalore
230;model;Pulsar
4001;company;Yamaha
1488;kms_driven;65400
2864;owner;first
2161;location;kalyan
1264;location;hyderabad
3948;mileage;42.0
175;owner;first
1674;mileage;67.0
3469;kms_driven;24500
3459;price;55000
3203;price;55000
1522;kms_driven;22850
51;model;Pulsar
3438;company;Royal-Enfield
1734;company;Bajaj
3569;power;12.92
1587;owner;first
2830;location;kolkata
296;price;68500
1117;location;surat
1649;owner;first
3986;location;mumbai
2743;model;Street
3624;model;Classic
1606;model_year;2013
3294;kms_driven;10544
1818;mileage;38.0
449;kms_driven;8463
1068;kms_driven;38000
2567;owner;second
3282;kms_driven;22000
3388;price;8100
3657;model;Thunderbird
3844;mileage;20.0
2419;price;40000
1603;power;70.0
549;power;21.0
1706;model;Passion
2206;mileage;40.0
3621;owner;first
3512;owner;first
309;model_year;2018
525;model_year;2017
3680;owner;first
2449;power;11.8
1935;mileage;25.0
3626;company;TVS
2354;power;21.0
2215;power;24.5
406;company;TVS
3342;mileage;53.0
3590;model;Thunderbird
1520;model;Thunderbird
6;owner;first
2123;power;67.2
542;price;35000
901;power;19.8
828;model;RC
3292;mileage;20.0
2894;kms_driven;7200
1392;owner;second
2456;company;KTM
219;mileage;65.0
145;owner;first
2699;price;58000
2178;location;bangalore
3628;owner;first
1251;mileage;55.0
2035;mileage;64.0
605;power;8.2
1112;owner;first
3294;model_year;2012
823;company;Hero
3308;company;Bajaj
1161;location;bangalore
3867;location;rajkot
684;location;pune
2310;mileage;63.0
71;model;Thunderbird
1846;mileage;42.0
799;company;TVS
493;model;Bullet
1292;price;39000
4062;model_year;2015
1362;location;delhi
478;owner;first
3910;owner;first
702;location;nagpur
177;mileage;35.0
1937;company;Royal-Enfield
2998;model_year;2012
1705;power;24.5
875;kms_driven;95000
3689;price;135000
2684;owner;first
267;owner;third
3891;model_year;2014
2443;model_year;2017
1996;company;Royal-Enfield
3834;company;Hero
3932;company;Hero
1563;model_year;2018
3545;location;gurgaon
1612;mileage;40.0
12;model_year;2019
3700;model;Street
1443;price;66000
27;company;Bajaj
3292;model_year;2019
1954;power;27.2
2394;model_year;2019
3221;company;KTM
306;model_year;2018
2155;kms_driven;11045
1304;company;Harley-Davidson
2904;model;Avenger
3222;power;14.3
4055;price;45000
4097;company;Yamaha
2969;model;Bullet
3504;power;47.0
2144;owner;first
495;owner;first
836;model_year;2018
1056;price;41000
3388;model_year;2010
3204;price;50000
1148;model_year;2017
231;model;Ignitor
484;model_year;2016
1018;company;Bajaj
2141;model;TNT
1228;model_year;2017
3581;company;Royal-Enfield
3103;model_year;2016
1376;company;Bajaj
3559;mileage;55.0
3544;model_year;2017
854;model_year;2020
2514;owner;first
3632;kms_driven;3400
2580;company;UM
2928;model;Street
387;power;9.0
2628;model;YZF-R15
2581;mileage;35.0
3385;model;Splendor
2768;mileage;40.0
2931;power;47.0
3054;model_year;2016
1622;model_year;2006
2116;power;19.8
2329;power;19.8
1505;power;7.7
1493;owner;second
469;company;Royal-Enfield
2947;model;Duke
1198;price;112000
1211;model;Classic
1645;location;gurgaon
1777;company;Bajaj
2564;owner;first
2113;power;19.8
897;power;50.0
850;company;Royal-Enfield
3507;price;360000
2866;price;85000
1327;price;99750
2869;owner;first
1671;model_year;2016
516;model_year;2010
1133;model_year;2016
1114;model;Classic
2407;kms_driven;7700
2027;kms_driven;65000
3393;owner;first
3909;company;Royal-Enfield
2392;price;35000
1736;company;Royal-Enfield
3148;company;Honda
1641;model;FZs
675;kms_driven;9590
1555;owner;first
2793;owner;first
975;mileage;18.0
3138;price;75000
2495;price;115000
771;company;Bajaj
134;model_year;2013
1248;kms_driven;20000
1857;location;delhi
2248;mileage;50.0
3722;mileage;35.0
791;company;Suzuki
2242;model;Avenger
3238;owner;second
3607;company;Royal-Enfield
260;owner;first
1642;model_year;2018
798;model;FZs
1350;mileage;25.0
1665;mileage;35.0
2751;price;140000
2508;price;48000
3698;owner;first
2950;power;16.7
2400;model;Dream
1633;owner;first
2829;owner;first
3026;company;Bajaj
893;power;8.2
342;location;hyderabad
3589;model;Renegade
3928;price;38700
2132;price;50000
2710;power;8.5
1173;model;Pulsar
69;mileage;38.0
2117;location;mumbai
583;power;27.2
3922;model_year;2016
2704;location;delhi
1066;power;13.8
2317;model;Pulsar
4074;kms_driven;253621
1308;location;delhi
2708;model_year;2019
3129;kms_driven;13000
2062;model_year;2014
3210;kms_driven;29000
1659;company;Hero
2117;kms_driven;3000
2416;model;YZF-R15
2351;mileage;43.0
46;kms_driven;67000
4025;mileage;5.0
1884;model;Thunderbird
2778;price;125000
1935;price;150000
2331;model_year;2012
2532;mileage;32.0
2772;mileage;25.0
3262;owner;second
3240;kms_driven;16896
1930;company;Royal-Enfield
2440;price;60000
219;price;32000
3624;model_year;2017
2395;owner;first
848;owner;first
1736;model_year;2015
1240;location;bangalore
60;power;16.7
350;price;55000
320;location;rajkot
3170;model_year;2013
3730;kms_driven;5812
872;location;mumbai
472;model_year;2016
1240;mileage;43.0
1364;power;18.76
1838;kms_driven;11500
1682;model;Pulsar
3684;power;19.8
3816;owner;first
4079;owner;first
298;mileage;26.0
604;location;howrah
2955;mileage;5.0
2974;price;100000
2914;location;jaipur
1603;model_year;2018
2638;model;Discover
274;price;142000
1559;kms_driven;19000
2553;company;Bajaj
3492;kms_driven;10200
1601;power;24.6
2185;mileage;22.0
1927;model;RC
1388;kms_driven;36000
3400;location;noida
2929;kms_driven;11789
795;mileage;25.0
619;power;17.0
32;owner;first
3088;power;19.8
2585;location;ghaziabad
3596;model;Thunderbird
1692;location;chandigarh
4024;company;Royal-Enfield
897;company;Harley-Davidson
3725;power;16.8
1738;price;50000
875;model_year;2019
623;price;40000
2575;location;chennai
2845;power;26.1
1854;price;58036
2580;kms_driven;7200
2617;location;gurgaon
3206;model;Bullet
1210;price;74700
2342;kms_driven;25000
2107;model_year;2019
1883;mileage;25.0
1639;model_year;2017
332;mileage;65.0
3641;owner;first
3545;power;16.0
2157;company;Hero
387;model;Super
2609;mileage;53.0
1856;kms_driven;19033
3636;kms_driven;39000
3454;power;24.5
1686;model_year;2017
2028;mileage;55.47
3736;power;19.8
695;power;19.8
251;price;110200
317;location;mumbai
2909;location;bangalore
3354;model;Sport
3109;mileage;63.0
3921;model;Pulsar
458;kms_driven;12000
1086;owner;first
2410;owner;first
3450;owner;first
470;mileage;40.0
3450;mileage;40.0
4064;model;Avenger
688;location;bangalore
515;kms_driven;57500
762;owner;first
2410;kms_driven;7500
2902;mileage;35.0
1347;mileage;38.0
3187;power;21.0
343;mileage;35.0
4094;kms_driven;4999
1452;location;mumbai
180;mileage;40.0
2304;model_year;2014
1502;kms_driven;7200
2725;company;Honda
2524;model;Duke
937;mileage;84.0
161;power;9.3
751;model_year;2009
786;owner;first
275;price;137000
852;location;navi mumbai
2516;company;Bajaj
1294;kms_driven;7630
972;price;72000
763;power;19.8
524;location;delhi
3283;kms_driven;3200
1387;kms_driven;3000
52;location;jalandhar
2114;owner;first
3832;location;gurgaon
2476;power;42.3
3612;mileage;40.0
1994;location;hyderabad
63;owner;first
2723;power;44.0
2289;owner;first
2635;model_year;2016
120;model;Himalayan
504;mileage;40.0
1762;kms_driven;73000
3448;power;14.0
1854;company;Bajaj
3470;owner;first
2382;location;chennai
1563;company;KTM
2632;mileage;25.0
2154;mileage;42.0
4074;power;8.2
1006;power;24.8
2341;mileage;65.0
2816;price;100000
3042;price;130000
1154;mileage;25.0
2267;kms_driven;6600
2896;owner;first
359;kms_driven;27000
1337;power;19.8
893;model;Passion
124;model_year;2020
1966;company;Hero
3293;kms_driven;30000
723;model_year;2010
1004;price;84000
2224;location;lucknow
3556;owner;first
648;location;faridabad
3016;company;Bajaj
1891;power;24.8
924;model_year;2017
2896;kms_driven;15300
1287;model;Bullet
3095;owner;first
2254;kms_driven;65000
155;model;FZs
1465;company;Triumph
266;owner;first
2452;company;KTM
496;model;Duke
3000;owner;first
1209;model_year;2009
2987;kms_driven;33000
864;model;Classic
171;model;Classic
1139;location;lucknow
1972;owner;first
3345;kms_driven;25000
2704;kms_driven;10000
3250;kms_driven;21500
3365;power;15.3
3370;company;Hero
904;mileage;39.4
1610;power;27.2
2838;price;35000
1066;location;hyderabad
3053;mileage;45.0
1115;kms_driven;17225
1099;power;13.0
2650;price;15600
1973;power;8.2
1244;model_year;2015
691;mileage;38.0
4017;owner;first
1222;price;53600
2564;power;19.8
529;location;ahmednagar
745;power;19.8
272;model_year;2017
1293;location;mumbai
248;kms_driven;29000
1592;location;bhubaneshwar
3605;kms_driven;13500
3902;power;17.0
2540;kms_driven;9186
3496;location;jaipur
1386;model;Passion
1611;model;YZF-R15
351;power;19.8
771;model_year;2016
2114;location;mumbai
456;company;Bajaj
2811;company;Bajaj
3938;price;52000
2648;model;Thunderbird
1051;model;YZF-R15
434;price;57700
2513;location;noida
2744;owner;first
2461;mileage;25.0
3345;power;20.3
2888;mileage;30.0
1040;power;20.3
1713;location;delhi
221;price;25000
1314;kms_driven;7800
3232;power;19.0
2079;company;Bajaj
815;company;Royal-Enfield
1720;power;11.8
1813;price;355000
1343;company;Yamaha
2875;model;Classic
1113;model;Pulsar
1248;model_year;2011
665;model_year;2017
2179;power;19.8
2135;location;mumbai
3956;power;16.0
265;power;9.0
3959;model_year;2014
3759;price;70000
3109;price;48000
1599;model;Thunderbird
1532;mileage;35.0
2893;kms_driven;35255
89;power;19.8
1124;model_year;2016
2713;model;Pulsar
3863;price;16000
982;kms_driven;15000
2734;owner;first
1435;owner;first
3280;mileage;40.0
155;kms_driven;8500
2075;kms_driven;20000
360;model;Duke
3016;model;Avenger
3769;mileage;32.0
2735;mileage;25.0
3264;kms_driven;6700
360;location;delhi
191;price;197000
18;kms_driven;7000
133;model_year;2014
100;kms_driven;4600
2433;power;70.0
2612;company;KTM
2402;model_year;2016
1003;location;ahmedabad
922;power;27.2
264;kms_driven;89000
2603;power;11.8
3379;power;14.3
445;kms_driven;49000
2156;kms_driven;20300
511;owner;fourth
3499;owner;first
1115;owner;first
922;mileage;25.0
2582;company;Yamaha
1218;price;75000
1362;owner;first
823;owner;first
497;model_year;2015
2434;mileage;27.0
2451;mileage;35.0
3001;power;27.2
3218;price;120000
3766;kms_driven;22253
1401;kms_driven;49000
3319;power;13.8
470;model_year;2014
3095;company;Royal-Enfield
1640;price;48400
2976;kms_driven;9300
450;power;11.0
1150;power;70.0
2515;kms_driven;16786
293;model;Avenger
278;kms_driven;78000
1885;location;hyderabad
3102;power;19.8
2044;power;37.73
853;mileage;55.0
4014;model;YZF-R15
2351;location;hyderabad
473;mileage;32.0
2494;mileage;5.0
3392;price;45000
1113;price;42600
1072;price;93000
3941;power;11.8
1575;price;30000
876;location;mumbai
2177;power;19.8
2843;owner;first
1991;kms_driven;32000
3562;company;Hero
2371;kms_driven;35000
1578;power;19.8
2235;model_year;2010
3689;kms_driven;13000
2764;company;Royal-Enfield
3225;owner;first
3916;company;Hero
3757;model_year;2013
3665;company;Harley-Davidson
2372;price;170000
846;mileage;43.0
3271;model;Apache
3936;company;Hero
3735;location;thane
2109;kms_driven;33000
1539;mileage;25.0
2522;model_year;2019
345;location;delhi
2882;mileage;20.0
3527;model_year;2008
2374;kms_driven;17500
297;owner;first
2688;power;21.0
3740;model_year;2019
318;mileage;38.0
550;model_year;2015
2380;model;Avenger
3981;owner;first
1866;location;mumbai
3189;model_year;2018
3500;owner;third
1490;power;8.2
2163;price;165000
2527;mileage;35.0
1516;model;Classic
1458;power;19.8
1614;location;bangalore
211;mileage;65.0
1271;company;Bajaj
778;company;Suzuki
1272;model_year;2016
3841;location;ahmedabad
2403;kms_driven;12000
3620;kms_driven;1788
252;mileage;64.0
851;price;54000
3012;power;19.8
2070;location;kolkata
2526;owner;first
3085;price;430000
3242;price;142500
1644;company;Yamaha
2077;mileage;27.0
1704;power;7.4
2768;power;24.2
528;kms_driven;2500
1396;company;Bajaj
2604;price;530000
586;owner;first
663;owner;first
2889;kms_driven;6000
3239;model_year;2015
3114;company;Bajaj
2565;location;delhi
3494;model;Classic
1052;kms_driven;13000
3492;location;ahmedabad
386;price;72000
1841;power;19.0
3193;kms_driven;41734
3027;model;Renegade
1934;kms_driven;8500
3038;company;Yamaha
3739;location;gurgaon
354;model;Avenger
3267;company;Royal-Enfield
608;kms_driven;33000
3178;mileage;81.0
3964;location;jaipur
93;power;25.0
3107;kms_driven;16200
1530;kms_driven;11000
1706;owner;first
1828;location;gurgaon
1226;mileage;32.0
1138;mileage;32.0
3422;location;navi mumbai
1059;model;Pulsar
763;company;Royal-Enfield
2759;model_year;2017
350;owner;first
2692;power;13.0
3166;kms_driven;40000
1446;location;bangalore
2313;model;Sport
95;price;112500
3222;model;Avenger
3692;model_year;2011
2986;power;21.0
3137;price;129500
3829;owner;first
2271;location;delhi
1869;location;delhi
3982;owner;first
1060;location;hyderabad
2178;price;170000
2067;kms_driven;2500
3407;model;Avenger
1364;price;112999
2912;power;7.0
3310;price;58500
1018;model;Pulsar
2399;location;vadodara
761;price;135000
2319;model_year;2007
1908;price;38000
2965;owner;first
2353;model_year;2015
2629;location;mumbai
2241;owner;first
1296;company;KTM
1944;model;Renegade
2533;kms_driven;35717
3651;kms_driven;17000
3577;location;delhi
1543;price;33000
3594;model_year;2015
3935;location;gurgaon
600;mileage;43.0
2282;price;140000
764;location;coimbatore
3178;price;33000
3581;location;delhi
1761;model;Gixxer
3969;kms_driven;22047
3064;model;Classic
641;location;ahmedabad
2077;model_year;2014
2328;owner;first
2275;power;20.0
3368;kms_driven;43509
1815;price;7500
1191;power;8.2
294;company;Bajaj
822;power;13.8
843;kms_driven;24000
2322;mileage;35.0
462;kms_driven;16586
1586;model_year;2017
1504;location;chennai
1014;kms_driven;30000
3450;model;Thunderbird
2623;model;Classic
2234;model_year;2015
2827;price;44000
3150;price;17000
1695;owner;first
633;model;Thunderbird
1028;kms_driven;7500
3273;company;KTM
2254;location;thane
3209;company;Yamaha
1500;owner;first
1103;model_year;2017
3922;company;KTM
2029;company;Royal-Enfield
3303;kms_driven;27000
2506;owner;first
546;mileage;35.0
265;location;noida
28;location;chittorgarh
1242;mileage;35.0
3616;kms_driven;7200
1387;model_year;2018
3443;power;17.0
1559;mileage;35.0
2326;owner;second
1240;company;Yamaha
4024;location;chennai
588;location;faridabad
1862;kms_driven;2500
3796;mileage;37.0
3452;location;bangalore
848;price;60000
196;price;180000
3577;price;27000
2549;location;ahmedabad
2034;mileage;45.0
1148;mileage;35.0
4009;owner;first
1255;model;Thunderbird
1799;model;Avenger
3920;model_year;2019
2780;company;Royal-Enfield
1211;power;27.2
2148;location;delhi
317;company;Hero
949;mileage;84.0
1050;kms_driven;25000
192;owner;first
1864;kms_driven;8000
1367;model_year;2018
485;model;Pulsar
2959;location;pune
2887;company;Yamaha
1875;company;Bajaj
3016;power;14.3
3259;power;9.3
2415;model;Avenger
3405;price;165000
1936;model;Classic
3449;company;TVS
1999;model;Discover
2122;kms_driven;21298
2967;power;17.0
318;company;Bajaj
4053;power;8.2
2694;mileage;35.0
1729;location;lucknow
901;owner;first
1257;location;ghaziabad
1678;owner;first
3779;location;delhi
3730;price;64000
1371;model;RC
511;power;11.64
3931;mileage;57.0
2243;model;Avenger
9;power;19.8
3092;mileage;65.0
3913;mileage;26.0
641;power;9.0
448;price;90000
100;owner;first
869;mileage;40.0
411;kms_driven;45333
579;kms_driven;18000
4091;model;Pulsar
2504;owner;first
890;owner;first
3911;owner;first
2412;kms_driven;44900
631;owner;first
1872;price;480000
1500;location;ambala
187;location;delhi
894;model_year;2019
3752;model;Thunderbird
1110;mileage;42.0
2800;company;KTM
2126;price;570625
785;power;11.64
3035;location;bhubaneshwar
2259;price;87000
1680;price;53000
1928;mileage;35.0
1295;power;20.11
388;owner;first
1906;company;Benelli
2374;location;hyderabad
2988;power;19.0
2129;model_year;2014
796;location;delhi
926;price;47000
1470;price;65000
3273;power;25.1
1540;power;25.1
2730;model_year;2019
1881;company;Mahindra
3418;kms_driven;21000
3292;company;Triumph
387;mileage;75.0
2881;model;FZs
3762;location;delhi
595;owner;first
3518;mileage;20.0
1092;model;YZF-R3
2316;model;Radeon
2371;mileage;38.0
2699;kms_driven;30000
1611;price;90000
3886;mileage;35.0
3355;location;jalandhar
1516;model_year;2018
4027;location;chennai
112;location;chandigarh
1096;location;coimbatore
3428;model;Classic
2887;model_year;2014
714;model_year;2016
3076;price;112000
222;power;14.2
210;mileage;35.0
1938;model;YZF-R15
1233;owner;first
2247;mileage;85.0
192;price;145000
2658;model;Continental
3894;model_year;2002
4031;location;delhi
1831;owner;first
647;model;Thunderbird
1487;model;CT
1072;owner;fourth
3781;owner;first
2609;company;Hero
2423;mileage;55.0
2191;location;ghaziabad
2434;price;170000
1402;model;Classic
2739;model;Avenger
3173;power;12.32
226;mileage;37.0
2963;model_year;2016
3444;model;Street
2949;model_year;2016
2007;location;lucknow
3574;owner;first
2462;model;RC
496;model_year;2014
2786;mileage;57.0
2121;power;8.2
141;model_year;2018
2209;owner;first
4060;company;Hero
2175;price;35000
3971;owner;first
261;mileage;65.0
3915;location;ahmedabad
658;model;Pulsar
1680;model;Avenger
2954;mileage;40.0
1213;model_year;2016
2608;power;27.2
2020;location;mumbai
1008;mileage;35.0
250;power;19.0
1942;power;19.8
3370;owner;first
1431;power;19.8
2959;mileage;25.0
2709;model_year;2013
1813;mileage;20.0
3006;model_year;2011
1169;owner;first
3095;price;160000
1991;power;19.8
1866;model_year;2015
2605;company;Royal-Enfield
453;owner;second
3419;power;19.8
2381;power;19.8
1507;price;95000
3824;owner;first
715;mileage;32.0
2382;power;15.0
189;power;19.8
1587;power;47.0
2656;location;bangalore
2226;model_year;2018
2967;owner;first
2922;owner;first
2614;mileage;25.0
3808;price;111300
2135;model_year;2016
4062;location;vadodara
1428;company;Royal-Enfield
1726;company;Harley-Davidson
3462;power;8.2
1220;mileage;42.0
1966;price;28000
13;kms_driven;23350
2227;model_year;2016
3063;location;mumbai
3752;power;27.2
1080;model;RC
3937;kms_driven;16450
1090;mileage;63.0
1544;model;Classic
649;location;delhi
1931;kms_driven;4100
1407;model_year;2017
1911;model_year;2017
2088;power;25.0
3572;model;Duke
1103;price;120000
508;company;Bajaj
2375;model_year;2013
1263;mileage;45.0
42;company;Hero
2620;company;Royal-Enfield
281;power;12.9
2203;price;64100
2176;mileage;57.0
1962;kms_driven;41036
1083;company;Royal-Enfield
3033;model;YZF-R15
3215;mileage;65.0
2855;location;delhi
3792;model;Renegade
2239;model_year;2015
1475;owner;first
3327;mileage;35.0
1807;model;GT650R
466;price;150000
2997;company;Royal-Enfield
2607;mileage;37.0
2423;kms_driven;17381
996;model;Thunderbird
4067;model_year;2016
2018;kms_driven;41000
1008;model_year;2019
3902;model_year;2015
3868;kms_driven;12000
3115;company;Honda
978;location;delhi
1035;power;42.9
3365;kms_driven;7000
3497;company;Harley-Davidson
654;power;21.0
3575;power;27.2
3049;owner;third
90;power;19.8
3486;model_year;2017
2423;price;25000
106;location;jalandhar
3022;mileage;32.0
3165;model;Pulsar
1406;mileage;35.0
2266;kms_driven;6600
2971;kms_driven;11950
149;owner;first
1989;power;15.0
426;model_year;2015
2125;owner;first
3429;owner;first
953;model_year;2016
4050;kms_driven;47000
1078;kms_driven;25000
1003;power;8.2
2314;company;Bajaj
3928;mileage;57.0
3755;power;27.2
2755;model_year;2015
1353;price;124500
1659;mileage;50.0
3777;price;75000
3072;power;21.0
3653;mileage;37.0
321;company;Bajaj
3236;model;CB
193;price;115000
2840;model;Avenger
1769;kms_driven;11250
774;location;chandigarh
275;owner;first
2066;location;vadodara
1433;power;19.0
3690;model;Passion
3529;kms_driven;77000
3566;owner;first
2568;company;KTM
3184;company;Royal-Enfield
4093;power;11.8
1098;owner;first
242;kms_driven;34300
2363;owner;first
3410;kms_driven;25000
4015;mileage;45.0
3598;company;Bajaj
2067;model_year;2017
1019;mileage;55.0
2377;kms_driven;38500
2963;kms_driven;6500
1699;kms_driven;31500
3447;model;Passion
3134;owner;first
1600;model_year;2015
2686;mileage;67.0
3654;power;19.8
1167;location;delhi
3695;company;Yamaha
968;mileage;35.0
558;model;Thunderbird
923;company;TVS
2701;power;19.0
144;owner;first
966;location;faridabad
50;power;25.1
1036;company;KTM
3991;model_year;2006
411;mileage;84.0
2548;model;Bullet
1053;model_year;2017
1016;power;15.0
3169;owner;first
475;kms_driven;47000
712;company;Yamaha
3675;kms_driven;400
2551;owner;first
978;kms_driven;32000
2975;mileage;20.0
3971;model_year;2012
3142;price;365000
945;mileage;30.0
293;power;14.3
2604;owner;first
4075;company;Royal-Enfield
12;price;131500
536;power;19.8
3818;company;Yamaha
795;price;185000
2737;kms_driven;19700
3579;model_year;2017
3023;model_year;2018
2933;price;95000
275;company;Royal-Enfield
3987;power;14.6
3817;price;119000
200;kms_driven;11000
526;owner;first
1220;power;16.7
861;location;gurgaon
2510;mileage;40.0
1168;company;Hero
1408;kms_driven;7781
246;company;Suzuki
1599;mileage;40.0
2126;owner;second
2773;price;141600
2214;model;Avenger
645;company;Royal-Enfield
1585;model_year;2019
1705;model_year;2019
2438;mileage;57.0
482;owner;first
3896;mileage;60.0
27;mileage;53.0
983;model;Splendor
3248;location;hyderabad
491;model_year;2016
3536;company;Royal-Enfield
2417;owner;first
154;model_year;2017
19;owner;first
3048;company;Suzuki
2775;power;19.8
730;owner;first
4040;model_year;2012
1037;model_year;2018
2103;power;74.0
675;mileage;45.0
3806;mileage;40.0
33;owner;second
1259;price;97900
944;power;19.8
1513;location;hyderabad
1277;power;19.0
1034;model;Classic
1096;kms_driven;7800
160;kms_driven;20000
2537;power;19.8
3849;mileage;42.0
3034;price;90800
2560;company;Benelli
1266;model;Street
148;owner;first
3445;model_year;2015
1097;kms_driven;49000
2552;model;Classic
2072;model;Classic
46;power;8.2
946;power;24.8
2738;model;Renegade
181;model;Gixxer
1912;power;47.0
889;owner;second
1446;price;135000
1933;power;15.0
4038;price;39000
3350;company;TVS
424;model_year;2018
3478;model_year;2016
389;power;21.0
3958;owner;first
1724;location;bangalore
2857;company;Bajaj
526;company;TVS
824;model_year;2021
405;mileage;40.0
1219;kms_driven;7500
3199;power;16.7
2428;owner;first
2052;owner;second
2650;owner;first
326;power;19.8
78;location;delhi
3007;power;16.0
2342;company;KTM
3312;model;YZF-R15
2103;location;meerut
2271;model;Super
621;price;59900
51;power;21.0
3890;owner;first
1946;company;Suzuki
1801;company;Hero
1419;location;delhi
1217;price;1025000
2495;model_year;2017
2172;owner;first
451;power;12.9
503;power;14.3
3048;model_year;2017
3527;price;16000
741;owner;first
37;location;delhi
1745;kms_driven;35000
876;price;76000
178;mileage;60.0
3534;power;42.9
3536;location;chennai
1975;power;14.2
3028;company;Royal-Enfield
3110;power;19.0
622;model_year;2014
1183;power;8.0
3612;location;mumbai
1448;model_year;2016
2848;company;KTM
2278;model_year;2018
2631;model_year;2010
3552;kms_driven;14357
3149;owner;first
1349;price;150000
1863;price;54300
1781;model_year;2011
3789;power;67.2
559;model_year;2012
2038;location;delhi
1006;company;UM
3873;power;19.0
3934;location;delhi
2845;model_year;2018
326;model_year;2016
2641;mileage;35.0
2818;mileage;29.0
966;kms_driven;13500
3272;owner;first
919;power;27.2
1440;power;19.0
2292;owner;first
510;power;15.0
1773;model;YZF-R15
1184;price;75000
590;mileage;35.0
439;mileage;30.0
1800;kms_driven;21000
2594;company;Suzuki
1402;power;19.8
875;location;bangalore
2659;kms_driven;23000
1173;company;Bajaj
669;model;Pulsar
682;mileage;65.0
227;mileage;37.0
1529;price;165000
3264;model_year;2018
898;model;Thunderbird
1588;owner;first
1512;location;chennai
3024;company;Hero
1559;owner;first
1884;price;120200
2600;price;85000
3854;mileage;45.0
1876;owner;first
1202;location;bhubaneshwar
230;location;chandigarh
1104;power;37.73
2041;model_year;2017
368;model;FZs
1156;power;9.0
2049;price;88000
2154;company;Yamaha
2570;owner;first
2290;company;Yamaha
3472;location;delhi
1186;mileage;40.0
1741;company;Hero
1745;mileage;48.0
1599;kms_driven;5000
3273;model_year;2016
3061;company;Royal-Enfield
2161;power;14.6
2563;location;bangalore
1185;price;259375
2888;company;Royal-Enfield
246;mileage;40.0
3288;owner;first
1092;power;41.4
526;price;40000
2771;mileage;40.0
3747;location;jaipur
3454;model;Himalayan
41;model;Classic
3257;kms_driven;32000
3739;kms_driven;10642
1048;mileage;35.0
2879;owner;first
2086;owner;first
385;kms_driven;69000
3854;location;ghaziabad
2156;price;41600
426;power;21.0
3864;mileage;64.0
2448;location;vadodara
674;power;33.0
685;power;27.2
1626;model;Classic
2047;owner;first
341;model;Classic
763;mileage;35.0
3003;owner;first
1975;price;30000
4038;mileage;5.0
1432;company;Yamaha
3657;location;mumbai
3095;model_year;2016
2427;owner;first
3393;company;Yamaha
3977;location;chennai
2766;model_year;2018
1649;model_year;2018
3711;location;bangalore
1330;model_year;2018
1622;location;thane
518;location;mumbai
2068;kms_driven;6500
1448;company;Royal-Enfield
112;kms_driven;3600
2336;company;Benelli
3762;model;V12
324;owner;first
3475;model_year;2016
4095;kms_driven;15000
2611;price;55000
2627;location;gurgaon
1339;mileage;45.0
1861;model_year;2018
3589;location;tiruvallur
832;power;44.0
3526;company;Royal-Enfield
3029;model_year;2014
3674;price;74000
926;company;Bajaj
1536;kms_driven;16000
932;owner;first
237;model;Classic
2537;kms_driven;57000
517;power;19.8
4031;power;19.8
756;company;Royal-Enfield
1386;kms_driven;30000
282;kms_driven;89000
2730;mileage;35.0
943;model_year;2017
2828;model;Passion
1627;model_year;2015
3177;company;Suzuki
2836;price;70000
2142;company;KTM
661;model_year;2017
2895;location;rohtak
2979;mileage;30.0
3205;model;Pulsar
3900;model;Avenger
1268;model;CT
2259;company;Royal-Enfield
1919;model;Splendor
114;company;Royal-Enfield
154;owner;first
4061;mileage;35.0
2121;kms_driven;14680
1024;model;Pulsar
187;kms_driven;11024
3696;owner;first
233;model;Classic
1511;price;15000
1253;company;Royal-Enfield
240;power;14.0
1128;power;7.0
3052;location;thane
660;mileage;32.0
2383;location;delhi
1102;model;Thunderbird
1535;price;150000
3950;price;15000
2503;owner;first
2783;owner;first
2484;price;95000
1234;price;132700
3088;location;surat
2296;price;49900
1949;power;27.2
1267;kms_driven;15495
1712;kms_driven;10000
645;power;19.8
3957;owner;first
788;power;8.2
2290;location;pune
2896;company;Yamaha
677;mileage;35.0
3411;model_year;2018
1371;power;25.1
1061;owner;first
2503;model;YZF-R15
910;owner;first
650;mileage;25.0
1860;company;Bajaj
375;power;42.3
1148;model;Duke
3725;company;Bajaj
713;company;Royal-Enfield
913;company;Royal-Enfield
1733;power;9.0
567;mileage;25.0
543;model_year;2016
2406;kms_driven;9600
1767;mileage;35.0
3807;power;24.8
2940;company;KTM
3811;power;27.2
1099;mileage;45.0
3622;model_year;2016
1404;kms_driven;3808
2324;power;27.2
2112;price;259375
1071;location;mumbai
2543;power;19.8
11;location;delhi
811;location;rajkot
1782;location;bangalore
3430;power;24.6
975;company;Harley-Davidson
2288;model;FZs
2901;power;8.2
2019;model;Classic
1561;model_year;2019
1132;location;mumbai
1116;power;9.0
649;mileage;38.0
1289;owner;first
1064;model;GT250R
2;owner;first
2790;power;19.0
1374;price;121000
3301;location;kolkata
383;company;Royal-Enfield
3929;model;V15
792;price;233438
1093;kms_driven;26100
1061;location;faridabad
3814;location;delhi
3176;power;7.7
1312;mileage;40.0
2952;price;149000
1981;kms_driven;13966
3093;company;Hero
2883;location;indore
594;model;Thunderbird
3216;owner;first
1221;mileage;43.0
2483;model;RC
1781;company;TVS
657;model;FZ25
2478;model_year;2014
3157;owner;first
3267;model;Bullet
173;company;Royal-Enfield
295;price;46000
4066;owner;first
2004;kms_driven;41467
1757;location;bangalore
932;location;pune
3738;owner;second
3756;mileage;35.0
1132;price;35999
2326;power;19.0
2160;price;95000
3872;kms_driven;17000
758;power;24.6
308;model;Passion
1118;mileage;45.0
121;kms_driven;38000
2590;company;Royal-Enfield
2237;model_year;2015
3003;model;YZF-R15
1935;kms_driven;16700
375;owner;first
1721;mileage;38.5
1391;mileage;55.0
3568;price;99000
184;mileage;35.0
366;model_year;2015
527;price;22500
2038;company;Bajaj
75;owner;first
2842;model_year;2018
861;model_year;2015
3268;price;170000
3835;company;KTM
1320;power;14.79
2736;owner;first
1956;mileage;25.0
2023;price;233437
2128;owner;first
724;owner;first
448;mileage;40.0
509;kms_driven;100000
3664;power;12.32
811;model;CBR
2392;power;8.2
444;power;21.0
1900;location;gurgaon
3523;model_year;2016
947;mileage;40.0
3524;company;Royal-Enfield
1227;owner;first
465;model_year;2016
2424;power;21.0
2702;model;Splendor
215;mileage;89.0
1088;company;Bajaj
71;power;27.2
548;model;Pulsar
272;owner;first
1624;model_year;2017
1904;model;CBR
3341;model;Classic
2081;location;kalyan
3542;kms_driven;5200
1663;price;35216
3963;location;delhi
875;price;83000
4022;kms_driven;16000
2756;mileage;50.0
2428;company;Yamaha
1683;location;pune
3157;kms_driven;24000
3597;kms_driven;19000
1650;company;Yamaha
1280;model_year;2016
985;location;chennai
1484;company;Royal-Enfield
3778;mileage;39.4
1883;price;130600
3819;owner;second
3019;owner;first
1361;power;10.72
205;power;19.8
2957;price;75000
167;mileage;75.0
2854;location;bangalore
2020;owner;first
285;kms_driven;8500
2054;price;39400
1694;mileage;35.0
2754;company;Hero
1977;model;Classic
2696;kms_driven;29099
883;owner;first
33;model_year;2019
636;company;Royal-Enfield
853;location;vadodara
1662;model_year;2020
3236;mileage;60.0
3690;owner;third
2989;power;15.3
3438;power;19.8
4086;model_year;2014
3048;mileage;40.0
3424;kms_driven;26356
886;model_year;2016
3271;owner;first
2164;owner;first
2015;company;Hero
3317;location;bangalore
535;kms_driven;19000
1535;model;RC
2063;model_year;2017
3678;owner;second
228;model_year;2018
1207;model;Avenger
775;location;chandigarh
2235;model;Thunderbird
2902;model_year;2018
1829;model;Splendor
3089;company;Bajaj
3742;model;Avenger
3969;owner;first
1827;kms_driven;6010
1642;location;bangalore
1811;kms_driven;8000
935;mileage;35.0
1108;company;Royal-Enfield
2435;location;noida
3917;kms_driven;20097
4082;power;8.39
3684;mileage;40.0
3000;location;agra
3050;kms_driven;25000
3700;location;jodhpur
3285;price;120000
2292;model;CD
2059;company;Bajaj
1837;power;16.7
2821;model_year;2016
1389;location;ahmedabad
3630;price;55000
2896;price;985625
435;owner;first
1126;power;18.76
1813;kms_driven;10000
1105;location;delhi
974;price;149000
3188;model_year;2014
1561;power;19.8
906;owner;first
3436;price;85000
1800;power;25.0
1657;location;mumbai
2250;owner;first
3906;kms_driven;50000
1687;price;77572
3946;power;19.8
3654;model_year;2016
973;model_year;2017
331;mileage;35.0
2329;location;delhi
851;mileage;38.0
3856;location;chennai
215;company;Bajaj
3683;location;pune
1724;owner;first
1461;kms_driven;9000
2686;owner;first
1549;company;Yamaha
3382;owner;first
1757;model;Himalayan
1672;mileage;25.0
2721;model;Street
1191;kms_driven;27000
639;location;thane
305;mileage;55.0
2029;model;Classic
3155;price;131000
3726;model;Pulsar
3119;owner;third
991;model;Classic
2211;price;1175000
3785;company;Royal-Enfield
1170;location;mumbai
2555;power;19.8
1676;price;88000
489;power;19.0
464;model_year;2018
1280;kms_driven;17340
1382;location;delhi
2264;price;185000
4097;owner;first
1352;owner;first
3673;model;Passion
2850;company;Royal-Enfield
437;model;Pulsar
3459;company;Bajaj
1682;model_year;2010
492;power;19.8
3178;model_year;2011
3148;owner;first
3528;kms_driven;22139
2151;company;Hero
2413;model;Duke
1657;model_year;2014
3861;mileage;16.0
3090;owner;second
3725;price;45000
1344;mileage;35.0
3672;model;Iron
2287;company;Yamaha
838;model_year;2013
3416;mileage;26.0
612;company;Royal-Enfield
3263;model;Classic
1454;model_year;2018
3007;model;YZF-R15
54;owner;first
1554;model;Pulsar
481;model;V15
1277;kms_driven;22500
3741;model;Avenger
837;kms_driven;21500
3830;power;27.2
1040;model;FZ25
3212;kms_driven;19346
3884;owner;first
1507;model;Avenger
3911;price;105000
1471;power;19.8
3868;model_year;2015
3241;mileage;50.0
2202;kms_driven;18060
3426;model_year;2015
950;power;8.2
3468;company;Suzuki
2449;model_year;2017
3195;price;270200
1350;owner;second
2673;model;Splendor
3666;location;chennai
2501;company;UM
3776;location;hyderabad
1409;model_year;2018
78;kms_driven;5800
3762;power;12.0
3242;kms_driven;11000
2324;location;jaipur
3266;price;35000
615;model;Thunderbird
2757;mileage;55.0
1754;model;Continental
283;kms_driven;4000
2292;mileage;65.0
3057;location;delhi
4094;price;17000
739;power;42.3
1164;location;gurgaon
4011;kms_driven;35308
2220;mileage;12.5
498;model;Classic
3238;power;14.0
1503;company;KTM
3691;mileage;22.0
2958;kms_driven;11500
3898;model;Pulsar
498;location;delhi
3828;power;19.8
941;model;Classic
3582;power;43.0
1810;mileage;32.0
1851;kms_driven;5000
1662;mileage;35.0
1091;power;19.8
3147;model_year;2017
3538;company;Suzuki
201;kms_driven;9045
909;power;27.2
2629;mileage;40.0
2470;model;Renegade
2562;kms_driven;36883
170;model_year;2017
602;company;Hero
3337;price;18000
2808;mileage;25.0
273;kms_driven;12000
383;model_year;2019
3846;model;Thunderbird
1974;kms_driven;30900
3167;company;Bajaj
992;model_year;2013
3239;model;RC
3438;model;Bullet
2665;company;Royal-Enfield
2714;mileage;35.0
1774;owner;second
2253;location;mumbai
832;kms_driven;21421
269;company;Bajaj
1917;company;Royal-Enfield
2121;mileage;85.0
503;model_year;2016
2159;price;28000
1527;model_year;2016
2607;company;Royal-Enfield
3874;owner;first
1359;mileage;57.0
1403;kms_driven;67000
3336;kms_driven;1922
851;company;Bajaj
1923;power;13.8
1045;power;21.0
71;model_year;2017
3899;location;delhi
1372;model;Passion
104;company;TVS
2468;owner;first
1813;power;47.0
3351;kms_driven;33500
2309;kms_driven;550000
453;price;55400
1998;model_year;2016
3065;model;Glamour
1736;kms_driven;30000
1507;power;14.79
1582;company;KTM
3818;price;84900
3653;company;Royal-Enfield
3728;power;27.2
4047;power;19.8
591;model_year;2011
1284;price;40000
1406;price;207500
1795;mileage;65.0
3758;model_year;2013
3788;owner;first
2288;model_year;2019
1788;owner;first
481;company;Bajaj
3461;price;41000
3360;kms_driven;23000
2801;kms_driven;30000
1000;owner;first
497;kms_driven;19653
317;owner;first
2997;price;85000
1421;model_year;2017
3078;location;chennai
1185;model_year;2017
760;location;kolkata
1579;mileage;35.0
314;company;Yamaha
1342;kms_driven;26000
2561;model_year;2017
3574;mileage;38.0
157;model_year;2016
2815;mileage;35.0
2948;company;Yamaha
1939;mileage;35.0
954;power;20.3
3861;model_year;2016
2230;owner;first
3108;mileage;35.0
3100;model_year;2018
892;location;delhi
3722;model;Avenger
2434;location;pune
3998;model_year;2013
1413;owner;first
2104;location;pune
3468;model_year;2015
1143;company;Yamaha
245;mileage;75.0
1073;kms_driven;8000
1972;model;Avenger
2886;owner;first
785;owner;first
1751;power;25.0
1374;kms_driven;10000
683;mileage;52.0
1928;kms_driven;11493
3733;company;Yamaha
3366;price;85000
1170;price;37500
3162;owner;first
2749;power;16.0
828;mileage;35.0
29;location;delhi
2848;location;mumbai
2990;model;Pulsar
1695;company;KTM
2294;model_year;2019
3111;kms_driven;15000
2723;mileage;25.0
484;model;Duke
3114;owner;first
2581;location;delhi
661;kms_driven;49000
305;company;Hero
2295;mileage;20.0
3115;price;36000
1556;owner;first
2347;model_year;2018
518;price;44000
3253;power;19.8
1150;model;Street
2679;location;jaipur
1920;power;14.6
2168;kms_driven;17296
3208;model;HF
3446;kms_driven;13000
3168;company;Royal-Enfield
2996;price;45000
1020;location;delhi
2083;power;19.8
2586;company;KTM
2607;power;19.8
2170;company;Yamaha
3920;owner;first
3718;company;KTM
613;model_year;2018
3351;model_year;2016
29;price;62000
298;price;200000
3892;company;Hero
571;price;75000
3125;mileage;63.0
3030;location;pune
2137;owner;first
1001;location;mumbai
683;power;12.9
1440;mileage;40.0
1010;kms_driven;4500
1510;mileage;65.0
3115;mileage;60.0
2213;location;mumbai
345;company;Bajaj
3704;model;Classic
678;mileage;35.0
4059;price;28000
890;location;ghaziabad
2066;mileage;42.5
3865;power;19.8
135;owner;first
916;mileage;35.0
348;model_year;2017
1310;model;RC
1427;power;19.8
3507;mileage;20.0
3938;kms_driven;30000
1742;power;13.0
3093;kms_driven;13000
1129;price;22825
2220;owner;first
3346;kms_driven;10000
2874;price;50000
2911;model;Aquila
1156;model;Super
3059;location;bangalore
2707;kms_driven;36183
3357;kms_driven;7900
1301;owner;first
766;power;8.44
3057;owner;second
855;model_year;2019
698;location;bhubaneshwar
2124;location;mumbai
829;model_year;2016
1022;location;jaipur
3982;price;63000
1609;price;96000
3856;power;19.8
3037;price;115000
1681;model_year;2019
2752;owner;first
3274;location;kolkata
792;model_year;2021
880;kms_driven;30720
2102;mileage;35.0
2725;kms_driven;52000
2483;model_year;2015
4044;power;19.8
1460;owner;first
622;model;Pulsar
1623;location;bangalore
1991;model_year;2012
885;price;46000
38;kms_driven;44228
3816;mileage;64.0
172;price;99999
3135;company;Bajaj
423;owner;first
3748;kms_driven;13000
2108;kms_driven;9000
1125;location;ghaziabad
378;price;48000
807;model_year;2019
845;owner;first
3709;company;Royal-Enfield
3600;model;Duke
2949;location;hyderabad
3850;model_year;2013
3655;model_year;2017
2691;model_year;2019
3089;model;Discover
299;price;85000
3038;location;gurgaon
229;owner;first
505;power;24.6
923;location;jaipur
920;location;mumbai
460;kms_driven;23000
2802;power;42.9
1334;mileage;58.0
2287;power;13.0
2680;power;21.0
3293;model_year;2015
1992;company;Hero
3160;price;81000
2924;mileage;25.0
2921;company;Bajaj
1386;owner;first
2200;owner;first
979;owner;second
2661;price;120000
278;company;Bajaj
1572;owner;first
3357;power;24.6
3046;model_year;2017
1012;company;TVS
2510;power;19.0
390;model_year;2017
303;model;RC
649;model_year;2013
689;price;138900
2924;company;Benelli
1850;price;100000
2635;mileage;35.0
3021;power;19.8
3903;location;rajkot
1209;power;19.8
2894;model;Classic
519;company;Royal-Enfield
3772;power;26.1
3239;owner;first
3327;model;Classic
2529;power;19.8
1810;power;27.2
2840;kms_driven;12000
1655;price;105000
3703;location;delhi
1899;power;19.8
3858;owner;first
1371;mileage;35.0
690;model_year;2015
3021;kms_driven;19000
2644;price;44000
1220;model_year;2014
1013;kms_driven;35000
4029;model;Passion
1036;kms_driven;95000
1555;price;185000
1481;kms_driven;20000
3702;model;Mojo
313;price;59520
493;company;Royal-Enfield
254;company;Royal-Enfield
1187;owner;second
2884;model;Splendor
379;model_year;2018
1550;model;Avenger
2875;owner;first
432;company;Bajaj
3491;mileage;65.0
1918;mileage;40.0
1949;owner;first
961;location;mumbai
1223;company;Royal-Enfield
3066;mileage;57.0
3636;model;Classic
185;model;Splendor
848;kms_driven;24900
606;location;delhi
2184;price;40000
3254;power;60.0
2748;mileage;75.0
2909;company;Harley-Davidson
2473;power;19.0
91;kms_driven;30000
1843;mileage;83.0
2191;mileage;40.0
437;owner;first
1982;mileage;35.0
1497;kms_driven;4800
262;mileage;53.0
3490;owner;first
2277;company;Hero
2287;model_year;2015
2954;location;bangalore
1007;kms_driven;12500
2155;location;gurgaon
3767;model;Thunderbird
867;model;Classic
3226;model;V15
1679;location;ludhiana
979;model_year;2014
3557;power;14.0
2596;model;FZs
2221;mileage;45.0
1218;kms_driven;43500
2675;kms_driven;13000
2223;price;830000
3967;power;19.8
2620;power;27.2
822;kms_driven;39000
2535;company;Royal-Enfield
28;kms_driven;55000
669;price;55300
2623;company;Royal-Enfield
560;price;180000
1205;owner;first
1798;model;Thunderbird
2812;kms_driven;8400
1297;model_year;2018
1452;mileage;35.0
16;kms_driven;25000
3390;model;RC
2092;model_year;2019
1807;owner;second
2873;model;Passion
2716;mileage;32.0
3089;model_year;2007
1330;model;Xtreme
550;power;19.8
1802;model_year;2018
1252;owner;first
982;owner;first
1996;power;26.0
2850;model_year;2016
100;power;29.1
2318;kms_driven;18000
912;model_year;2017
1407;mileage;43.0
4043;model_year;2016
938;mileage;35.0
1711;company;Bajaj
2023;mileage;25.0
2596;power;13.0
3040;owner;first
2366;kms_driven;45000
715;price;130000
3061;price;71400
623;location;jaipur
220;model;Gixxer
1984;owner;first
421;model;Classic
2358;power;9.0
1909;price;135000
2486;location;delhi
2523;owner;first
563;price;110000
2624;owner;first
2520;model;Classic
2620;price;110000
408;mileage;35.0
3626;location;delhi
2438;location;delhi
3812;price;26000
2671;kms_driven;13000
1475;mileage;35.0
2236;mileage;25.0
471;location;hyderabad
2382;model_year;2011
3412;model;Avenger
1422;owner;first
2269;power;19.8
3183;company;Royal-Enfield
4017;kms_driven;78394
1859;model_year;2017
614;location;jaipur
1481;location;gurgaon
1835;company;Yamaha
3727;price;12300
1042;location;chennai
2630;model_year;2015
3686;company;UM
1594;price;32000
1462;company;Harley-Davidson
3443;model;Pulsar
426;location;delhi
98;company;Royal-Enfield
2798;location;gurgaon
3398;location;hyderabad
1123;owner;first
1572;company;KTM
1609;model_year;2017
3448;location;bangalore
279;price;100000
3091;company;Hero
2940;kms_driven;5500
3946;mileage;40.0
2767;mileage;40.0
4059;model_year;2012
1480;mileage;45.0
839;owner;first
2089;model;RC
1356;power;19.8
2027;power;19.8
104;price;249000
1528;company;Royal-Enfield
529;price;23500
751;mileage;65.0
701;model_year;2019
785;kms_driven;8000
2800;location;delhi
3850;price;30000
894;location;jaipur
2431;price;230000
3458;model_year;2016
3298;model;Himalayan
912;kms_driven;13000
2873;power;8.2
1131;mileage;35.0
3307;owner;first
3744;owner;second
3814;power;19.8
2312;mileage;48.0
2902;price;150000
791;price;88187
3238;location;chennai
2310;owner;first
3088;model_year;2015
393;price;22200
4037;mileage;65.0
2298;price;330000
2143;owner;first
128;model;Gixxer
2223;mileage;18.0
234;company;Bajaj
3788;company;Royal-Enfield
2746;mileage;40.0
1932;company;Bajaj
3382;location;chandigarh
3860;location;bangalore
845;company;Royal-Enfield
3278;price;200000
2708;power;8.1
175;company;Bajaj
1709;power;8.2
4088;location;delhi
162;power;8.2
2043;location;delhi
830;price;90000
1551;model;Classic
824;mileage;22.0
1637;kms_driven;48628
1749;model_year;2008
3372;mileage;40.0
2598;kms_driven;8000
2566;price;85000
2355;company;TVS
2854;model;Classic
542;owner;first
2345;price;135000
2584;model;Classic
393;kms_driven;35000
1499;model_year;2012
3520;model;YZF-R15
3296;mileage;38.0
1482;location;bangalore
3573;location;mumbai
38;mileage;55.0
2073;power;19.0
2466;owner;first
3689;company;UM
3703;price;105500
2597;owner;second
2244;kms_driven;24000
81;model_year;2021
3427;owner;first
3367;power;15.3
1578;mileage;25.0
3726;mileage;38.0
62;owner;first
4091;power;21.0
1187;model;Splendor
1876;kms_driven;10000
748;kms_driven;12700
687;model_year;2016
1453;owner;first
732;mileage;45.0
3783;mileage;65.0
3375;power;11.8
3291;kms_driven;24000
409;company;Royal-Enfield
3532;kms_driven;7500
2320;mileage;35.0
2582;model;FZ25
2695;mileage;35.0
151;kms_driven;50000
1144;model_year;2014
345;power;12.92
1447;kms_driven;60000
352;power;19.8
581;model;Avenger
2934;owner;first
2145;location;ahmedabad
1734;model;Pulsar
3133;kms_driven;7018
2987;power;16.8
1833;owner;first
1703;mileage;17.0
766;company;Bajaj
692;price;65000
415;mileage;37.0
1393;power;24.5
177;company;Royal-Enfield
2416;owner;first
1342;price;120000
3308;kms_driven;42754
2635;location;delhi
3699;model_year;2015
4073;owner;first
1465;owner;first
1174;location;mumbai
1710;power;28.0
3516;power;82.7
1141;price;90000
3566;power;26.15
2869;price;48000
2997;location;delhi
2638;mileage;65.0
504;owner;first
1240;model_year;2018
2956;power;24.8
2177;mileage;35.0
1439;model_year;1994
1934;model;Thunderbird
850;kms_driven;22800
2538;model;Thunderbird
750;company;KTM
1360;location;hyderabad
2273;model_year;2008
3125;price;79999
2508;company;Bajaj
1193;kms_driven;17000
3693;company;KTM
1091;mileage;35.0
858;mileage;40.0
2795;kms_driven;11800
3375;kms_driven;15047
3800;power;11.8
2188;model;Bullet
277;owner;first
3242;company;Royal-Enfield
1775;kms_driven;16000
734;location;bangalore
1468;model_year;2016
2002;owner;first
2434;model;Aquila
701;location;gurgaon
1377;location;chandigarh
3675;price;170000
2947;owner;first
3621;power;27.2
3260;model_year;2018
2343;location;mumbai
416;owner;first
2357;company;KTM
2515;owner;first
3078;owner;first
1803;price;30500
3596;location;bangalore
492;location;delhi
3340;mileage;35.0
2266;mileage;35.0
158;model_year;2018
1489;owner;first
1284;mileage;40.0
2310;company;Suzuki
1568;location;delhi
1261;model_year;2016
3877;price;27000
2770;company;Royal-Enfield
3597;mileage;35.0
3388;kms_driven;49730
1799;location;surat
3077;power;19.8
793;model;Classic
203;price;175000
2867;owner;first
3928;model_year;2016
1700;model_year;2010
1198;mileage;35.0
513;company;Royal-Enfield
305;price;48500
2616;kms_driven;19000
3888;company;Mahindra
2520;price;105875
1044;owner;second
3522;model;RC
803;power;25.1
3503;mileage;20.0
3920;company;Yamaha
2976;location;bangalore
1104;mileage;25.0
1558;price;176375
341;mileage;35.0
475;model_year;2014
2775;price;90000
1967;model;Hunk
1336;owner;first
3230;price;50000
3956;owner;first
3638;model;Duke
776;price;80000
1794;owner;first
2961;owner;first
1894;company;Benelli
2879;model_year;2016
3194;model;RC
2718;model;Karizma
2329;kms_driven;17000
976;company;Kawasaki
1718;model;V15
2782;location;mumbai
3846;model_year;2015
1303;company;Suzuki
2324;model_year;2013
1127;location;bangalore
996;owner;first
3672;mileage;20.0
2420;location;chennai
125;company;Suzuki
1433;owner;second
3645;price;12000
140;kms_driven;19837
1869;model;Pulsar
1773;kms_driven;30000
2630;power;16.8
2539;kms_driven;15000
3580;kms_driven;3325
2584;company;Royal-Enfield
555;model;Splendor
3715;model;RC
3583;company;Bajaj
2883;model;Gixxer
2813;owner;first
3831;price;15244
2824;price;19000
2928;model_year;2014
891;price;15000
1252;model_year;2017
3880;company;Hero
563;kms_driven;4000
2076;kms_driven;31000
2630;model;Pulsar
1588;power;47.0
1437;price;49000
1859;kms_driven;47200
264;model_year;2016
2702;power;8.2
2385;power;7.7
4021;kms_driven;13000
1751;price;60000
996;price;80000
1010;power;19.1
2599;company;Royal-Enfield
56;power;16.7
3176;model;Passion
1941;price;130000
550;company;Royal-Enfield
2709;kms_driven;14159
389;owner;first
365;location;delhi
1870;power;21.0
3484;mileage;53.0
3891;model;Passion
35;model;Classic
3685;location;gurgaon
1694;price;185000
1831;mileage;84.0
3209;kms_driven;29000
502;location;coimbatore
3637;power;27.2
2115;power;24.6
741;kms_driven;21000
599;price;67900
2604;mileage;20.0
2914;price;19600
2907;kms_driven;26886
1271;owner;first
1786;model;Thunderbird
2602;owner;first
1182;kms_driven;35000
1462;model_year;2016
2546;model_year;2019
2664;mileage;42.5
704;model_year;2007
308;price;30000
1804;location;delhi
3344;model_year;2016
2244;model_year;2015
2489;owner;first
1856;model_year;2016
1379;owner;second
1715;location;delhi
1374;location;rohtak
3959;location;delhi
3922;price;150000
3055;model_year;2019
3883;kms_driven;17203
3514;model_year;2015
461;mileage;55.0
3883;model_year;2015
3525;power;14.3
1493;price;188500
1716;kms_driven;45000
2045;model_year;2018
1041;owner;first
1275;mileage;38.0
863;owner;first
3191;kms_driven;26000
2953;model;RC
2555;price;100000
2050;mileage;35.0
2078;location;bangalore
1926;price;135000
3492;price;58000
311;model_year;2001
2157;model_year;2014
3045;price;100000
372;price;22500
3287;model;Discover
3207;owner;first
570;power;27.2
2307;model_year;2016
1889;model_year;2014
155;model_year;2016
3366;model_year;2018
1871;power;17.0
3883;company;Bajaj
30;owner;first
780;power;8.2
738;location;vadodara
2991;mileage;40.0
356;kms_driven;8000
2792;model;CB
1641;power;13.0
2932;owner;first
2739;kms_driven;9430
1924;model;Gixxer
2667;model;Avenger
3310;owner;first
2985;company;Bajaj
2112;location;mumbai
1191;price;45000
1247;owner;second
2851;model_year;2018
1365;price;135000
1784;model_year;2011
737;model;Duke
3538;model;Gixxer
2212;mileage;5.0
1577;company;Benelli
2143;company;Bajaj
1189;power;11.8
389;price;88000
3320;power;24.5
3989;price;135000
2811;kms_driven;34000
1299;kms_driven;33300
3311;kms_driven;19524
686;owner;first
3124;model_year;2016
943;owner;first
733;company;Yamaha
189;price;114900
3553;model;Discover
1704;owner;first
1312;kms_driven;25000
1683;model_year;2018
1779;price;112500
3312;price;54800
1828;model_year;2018
2756;location;navi mumbai
1716;mileage;65.0
3276;power;19.8
3877;owner;first
3611;kms_driven;15700
3984;mileage;89.0
658;model_year;2016
3322;power;13.8
841;model;Himalayan
368;kms_driven;58000
3838;owner;first
2302;kms_driven;23000
1607;kms_driven;11000
3572;owner;first
2051;price;40000
1486;kms_driven;9840
1616;kms_driven;15456
3419;company;Royal-Enfield
1313;mileage;35.0
3042;owner;second
2946;model;RC
1269;power;27.2
738;model_year;2011
1988;kms_driven;13000
2109;price;145250
243;kms_driven;55000
2917;owner;first
1586;price;399000
1669;model;Thunderbird
138;mileage;57.0
3528;mileage;57.0
764;power;16.0
1449;owner;first
622;company;Bajaj
172;kms_driven;35000
943;company;KTM
3573;company;Royal-Enfield
1988;model;Thunderbird
3892;model;Glamour
1245;price;160000
1555;company;TVS
3267;location;chandigarh
4075;power;19.8
4057;mileage;55.0
916;company;Royal-Enfield
1047;kms_driven;1387
811;owner;second
2589;model;Thunderbird
1692;company;Royal-Enfield
3938;location;lucknow
2201;power;19.0
2402;model;RC
2453;model;Passion
945;model;Bullet
1747;owner;first
822;owner;first
3925;model_year;2016
1577;model_year;2016
536;mileage;35.0
3403;owner;second
2955;model_year;2016
3518;location;ahmedabad
844;location;ghaziabad
100;model_year;2015
656;owner;first
2891;owner;first
3200;kms_driven;9000
3029;location;gurgaon
3413;location;faridabad
2518;price;40000
2768;location;faridabad
1745;company;Hero
1481;owner;first
2399;model_year;2017
1205;model_year;2014
802;model_year;2019
1958;owner;first
3050;company;Royal-Enfield
3955;company;Yamaha
419;owner;second
1489;mileage;25.0
3191;company;Royal-Enfield
1405;model_year;2020
1709;company;Hero
2480;price;140000
84;mileage;65.0
3651;model;Thunderbird
3220;power;42.9
2590;location;mumbai
3473;mileage;95.0
3885;model_year;2010
3474;power;24.8
1479;location;bangalore
3089;price;10000
19;kms_driven;12000
248;price;50000
2350;kms_driven;49376
936;model_year;2014
1614;company;Bajaj
2027;owner;third
660;price;160000
1892;price;500000
1839;power;19.8
1348;company;Honda
2230;price;54000
814;power;15.0
3409;model;Classic
2926;power;47.0
3013;kms_driven;50000
2559;model_year;2016
673;location;delhi
19;location;delhi
45;power;14.3
2319;power;19.8
2204;kms_driven;28000
605;mileage;5.0
4021;location;mumbai
351;model_year;2020
491;price;75000
542;model;V15
3093;mileage;55.0
3165;owner;first
152;kms_driven;24000
2834;model;Super
3555;owner;first
654;model_year;2014
1473;owner;second
1835;owner;first
811;price;62496
938;price;122400
2388;owner;first
3802;power;24.8
2130;location;howrah
2893;company;Yamaha
2192;kms_driven;40900
1990;kms_driven;25500
2025;company;KTM
1378;owner;first
3349;owner;first
1451;mileage;25.0
2348;model_year;2019
143;owner;second
1693;kms_driven;9707
3464;location;jaipur
1726;mileage;20.0
3378;owner;first
1001;owner;first
1373;power;27.2
2677;model;YZF-R15
3783;model;CBZ
1403;location;jaipur
182;mileage;35.0
3583;power;15.0
488;owner;third
954;kms_driven;14800
840;price;115000
1245;kms_driven;13933
1230;owner;first
3893;company;Hero
350;location;bangalore
467;location;delhi
2427;location;delhi
1437;company;Bajaj
1285;kms_driven;29500
345;mileage;65.0
1783;power;13.8
2958;price;150000
2401;mileage;5.0
1794;price;106000
1407;company;Yamaha
1031;model_year;2018
3374;model;Pulsar
1150;location;chennai
3933;power;19.8
2885;power;72.68
1496;company;Royal-Enfield
827;price;70000
3564;price;178000
2218;kms_driven;6000
1025;kms_driven;9200
3163;owner;second
1392;model_year;2018
1289;model_year;2019
1731;owner;first
1027;kms_driven;97000
696;kms_driven;16000
3223;model;Apache
2321;power;19.8
3575;location;pune
3715;company;KTM
4076;location;faridabad
2408;power;10.9
3644;mileage;53.0
3025;location;ahmedabad
1110;price;65000
2931;company;Harley-Davidson
4002;power;21.0
3638;mileage;25.0
3275;kms_driven;3467
742;location;delhi
1379;model_year;2016
3284;owner;first
594;mileage;40.0
1026;model_year;2019
2033;model;Duke
198;price;112800
2989;model;Avenger
2162;model_year;2016
721;model;Splendor
1324;owner;first
3957;location;pune
520;owner;first
1005;model;Avenger
3528;company;Bajaj
920;power;19.8
876;mileage;26.0
4009;price;22000
275;mileage;25.0
3630;owner;first
3948;model_year;2017
1289;model;Thunderbird
1069;mileage;83.0
3060;power;24.5
2043;price;114700
2763;mileage;40.0
2511;power;19.8
1306;mileage;35.0
3420;model;Passion
2731;model;Pulsar
2663;kms_driven;22749
1999;location;delhi
2061;power;17.0
97;owner;first
3203;owner;first
2563;kms_driven;21800
3107;mileage;55.0
4005;kms_driven;27000
1318;model_year;2018
614;owner;first
280;mileage;65.0
3246;price;50000
3616;company;Harley-Davidson
1554;mileage;64.0
1847;owner;first
2948;price;106000
3859;owner;first
47;mileage;5.0
3543;model;Avenger
2720;model;Thunderbird
1963;owner;first
2933;power;26.1
3716;price;125600
3683;company;Royal-Enfield
3341;location;chandigarh
3346;model_year;2017
113;mileage;30.0
1779;model_year;2019
2308;model_year;2018
70;owner;first
2201;mileage;35.0
3641;price;125000
102;owner;first
813;location;bangalore
746;model_year;2010
965;power;10.59
3384;model_year;2017
3606;company;Royal-Enfield
804;kms_driven;18000
3619;kms_driven;1600
1122;model_year;2018
3602;model;Classic
735;model_year;2016
3570;location;nashik
3145;company;Hero
2494;price;30000
715;model_year;2016
3403;power;67.2
1238;kms_driven;9000
3765;power;12.92
763;model;Classic
3988;owner;first
2738;mileage;35.0
293;location;ahmedabad
1601;mileage;35.0
1354;model;Duke
1599;company;Royal-Enfield
2800;kms_driven;1900
1769;mileage;63.0
1466;owner;first
3435;power;19.8
201;price;80000
1456;kms_driven;2500
821;model;Sport
2779;model;Electra
3752;owner;first
558;kms_driven;33100
34;model_year;2013
3698;power;26.21
2786;power;11.8
3940;price;32000
3294;mileage;32.0
3408;model_year;2019
1601;kms_driven;17000
320;model_year;2020
3640;location;bangalore
3342;model_year;2018
616;model;RC
2710;mileage;60.0
3119;model_year;2017
3098;company;Hero
797;mileage;40.0
3558;power;19.8
2311;location;noida
469;location;coimbatore
2214;company;Bajaj
134;owner;first
3697;owner;first
984;owner;first
1075;owner;first
1052;price;105000
3071;model;Pulsar
1379;model;Aquila
1008;owner;first
3926;kms_driven;89748
4050;power;8.2
2170;model_year;2017
4071;company;KTM
3979;kms_driven;15000
922;location;mumbai
3467;location;hyderabad
677;company;KTM
1933;mileage;65.0
623;owner;first
3870;location;faridabad
2631;owner;first
1114;model_year;2018
2448;model;Thunderbird
1696;mileage;37.0
1640;location;navi mumbai
1430;mileage;35.0
1170;company;Bajaj
2881;owner;first
1200;kms_driven;9513
82;power;24.5
2759;kms_driven;21000
1812;company;Royal-Enfield
49;company;Royal-Enfield
1610;price;112300
3182;location;mumbai
456;owner;first
2294;location;delhi
1528;owner;first
3460;model_year;2015
2609;power;14.0
23;model;Glamour
50;company;KTM
1084;owner;second
4021;power;8.2
4095;model;Classic
3892;location;chennai
1278;company;Kawasaki
2538;location;delhi
3031;kms_driven;19000
3125;location;hyderabad
2637;mileage;57.0
3855;location;howrah
2599;model_year;2016
1129;company;Bajaj
371;kms_driven;6750
1763;location;jaipur
2903;model_year;2005
4040;mileage;65.0
3821;kms_driven;14750
2586;kms_driven;14400
1077;model_year;2016
905;mileage;65.0
3793;model;Renegade
2273;location;bangalore
3978;price;14500
3338;company;Royal-Enfield
1118;owner;second
3550;owner;first
4072;company;TVS
2072;model_year;2019
1550;model_year;2016
1383;company;Bajaj
1650;owner;first
2777;power;20.0
2892;power;67.2
3502;owner;first
3550;power;19.8
2161;mileage;40.0
1443;company;Hero
2802;price;235000
1528;model_year;2018
1124;location;surat
441;price;94275
525;model;Classic
2255;kms_driven;28000
3924;company;KTM
2440;model_year;2015
2194;power;19.0
2299;mileage;38.0
45;location;navi mumbai
286;power;19.8
1111;company;KTM
2995;kms_driven;17000
57;kms_driven;52000
3816;model_year;2011
1728;kms_driven;25463
1480;kms_driven;8000
3319;company;Hero
2684;company;Royal-Enfield
2705;model_year;2014
2681;company;KTM
2424;model_year;2011
1986;company;Bajaj
1608;price;74500
472;kms_driven;3161
3102;kms_driven;24000
1425;kms_driven;10429
3086;location;faridabad
383;kms_driven;15500
812;company;Royal-Enfield
4028;owner;first
1720;company;Bajaj
3672;owner;first
829;power;19.0
1328;model_year;2019
2291;owner;first
863;model_year;2020
3354;mileage;95.0
1891;owner;first
2079;location;patna
2472;location;nashik
4045;mileage;35.0
650;power;42.9
2781;model_year;2017
3187;company;Bajaj
3556;model;Discover
908;mileage;35.0
2485;power;19.8
494;owner;first
808;model;RC
3864;kms_driven;42000
3415;mileage;18.0
1818;kms_driven;36922
1447;mileage;55.0
3833;price;63000
3663;company;Hero
3728;company;Royal-Enfield
2421;location;ambala
1509;model_year;2008
2130;model;Thunderbird
3442;mileage;81.0
668;mileage;45.0
1895;power;19.8
136;location;hyderabad
884;owner;first
2430;location;faridabad
1423;mileage;25.0
3334;location;jaipur
2712;power;24.5
1766;owner;second
3147;location;faridabad
920;kms_driven;6500
2514;location;chennai
1485;company;Royal-Enfield
2507;price;140000
1022;owner;first
1004;owner;first
4020;model_year;2014
1848;model_year;2016
967;company;Bajaj
3167;power;14.3
2775;location;delhi
3846;power;27.2
323;power;17.0
195;location;chandigarh
2669;location;jalandhar
3062;price;162900
3844;kms_driven;14116
2261;model;Z650
3578;kms_driven;22000
2382;price;25000
1978;power;19.8
1627;price;100000
1749;price;20000
1523;kms_driven;8000
3250;price;120000
2625;kms_driven;34000
2051;kms_driven;43300
3496;model_year;2019
515;mileage;40.0
2153;model_year;2015
2518;location;meerut
2728;location;pune
3950;model;Passion
4059;kms_driven;12000
1830;model_year;2017
3036;kms_driven;18600
1238;model;Karizma
107;mileage;57.0
1951;model;Glamour
593;company;Hero
929;mileage;35.0
1282;power;26.21
1947;model;Classic
2436;location;delhi
2782;model_year;2017
3804;power;16.0
3952;company;Yamaha
3191;model;Classic
2376;power;10.72
3606;kms_driven;16000
3081;power;14.3
2820;model;Xtreme
3205;location;mumbai
797;model_year;2017
2032;location;chennai
748;model_year;2019
381;location;hyderabad
3560;owner;first
373;model;Classic
4097;price;55000
3894;kms_driven;51000
1119;mileage;40.0
1008;location;mumbai
3867;model_year;2014
2447;power;25.0
439;kms_driven;13245
2193;mileage;53.0
2832;location;delhi
3616;location;indore
2364;mileage;42.0
3244;kms_driven;35800
940;price;112800
910;mileage;53.0
762;power;17.0
1091;price;130000
2452;power;42.3
574;kms_driven;21100
3070;company;Bajaj
488;kms_driven;94000
1448;model;Thunderbird
3318;mileage;22.0
87;owner;first
399;owner;first
1707;company;Bajaj
3526;mileage;35.0
1610;company;Royal-Enfield
1729;price;45000
582;kms_driven;19060
690;company;Bajaj
3821;mileage;53.0
2561;price;140000
2184;owner;first
2609;price;28000
2196;model_year;2018
1098;model;Avenger
305;model_year;2019
352;price;163680
358;kms_driven;16000
1968;mileage;30.0
2566;location;mumbai
3819;price;80000
2795;mileage;84.0
1919;location;delhi
1964;mileage;25.0
1780;price;32000
110;company;Royal-Enfield
4014;power;16.0
2632;location;mumbai
3307;company;Bajaj
304;company;Bajaj
3560;kms_driven;18100
221;model_year;2013
1240;model;FZ25
1138;company;Royal-Enfield
3797;price;350000
2895;price;35740
2502;price;114000
2416;location;chandigarh
2109;model;Classic
2578;kms_driven;10000
2465;owner;third
2784;model_year;2016
3041;model;Karizma
179;company;Honda
2164;price;265000
3221;location;bangalore
3612;model;Avenger
3343;price;145000
3759;owner;second
4098;company;Bajaj
2156;location;lucknow
2600;kms_driven;25500
1365;kms_driven;17900
3093;price;38500
1739;kms_driven;17550
103;model;Avenger
3238;company;Suzuki
3802;company;UM
3513;model_year;2015
773;mileage;40.0
1754;kms_driven;30000
3685;kms_driven;14418
714;model;Duke
135;model;Glamour
1491;model_year;2019
1196;model_year;2014
2807;company;Royal-Enfield
3981;power;8.5
1155;model_year;2014
421;model_year;2016
2418;mileage;35.0
2188;mileage;35.0
3224;location;gurgaon
3034;model_year;2013
1205;price;78000
3151;mileage;57.0
3894;company;Hero
2128;kms_driven;10000
817;owner;first
136;model;Bullet
1255;kms_driven;22000
244;price;135000
2072;mileage;35.0
245;kms_driven;30000
2038;model_year;2014
3722;location;jaipur
3954;location;faridabad
3212;model_year;2017
1399;model_year;2006
188;kms_driven;24500
124;price;185000
2876;mileage;45.0
1448;mileage;40.0
1717;model_year;2019
503;location;delhi
2380;company;Bajaj
1338;model;Gixxer
1211;owner;first
4088;owner;first
2265;owner;first
1466;price;570625
1256;owner;first
1863;location;delhi
746;kms_driven;44000
2602;kms_driven;28000
1227;company;Royal-Enfield
197;power;21.0
3853;power;19.8
2962;model;YZF-R15
894;mileage;38.0
3000;kms_driven;68000
3676;model_year;2015
268;mileage;65.0
2701;kms_driven;20000
3416;model;RC
706;model;Karizma
2123;model;Z650
1417;company;Kawasaki
243;model;Avenger
2286;kms_driven;21000
3264;model;Duke
1634;kms_driven;46292
2225;model;Thunderbird
1183;location;chennai
1348;model_year;2012
2276;price;65533
3969;company;Bajaj
3070;kms_driven;35000
82;model_year;2018
1264;mileage;60.0
3911;mileage;35.0
2657;owner;first
1915;location;mumbai
1641;owner;first
3660;model;Classic
3748;model;Classic
2836;model_year;2013
2729;mileage;45.0
235;power;25.0
1887;location;delhi
21;location;bangalore
2284;model;TNT
890;company;Yamaha
1932;owner;first
810;mileage;35.0
1278;model;Z650
1358;model_year;2016
3612;price;50000
4046;model_year;2017
3472;mileage;53.0
1180;company;Hero
2036;owner;first
482;model_year;2017
937;model;Passion
3557;mileage;60.0
311;model;Splendor
2031;price;800000
1308;model_year;2018
4018;location;bangalore
2114;power;19.8
1972;price;70000
2011;mileage;43.0
4038;model;Passion
3060;location;chennai
3007;kms_driven;18000
1760;location;mumbai
1494;owner;first
3487;power;24.6
166;power;8.1
4007;owner;first
3968;price;137000
1299;price;140000
879;model_year;2014
820;company;Royal-Enfield
3255;power;14.6
1456;company;KTM
1836;owner;first
2925;price;430000
3705;owner;first
1497;company;Hero
959;model_year;2013
680;power;19.8
975;model_year;2014
1267;model;Avenger
33;kms_driven;15000
1711;model;V15
102;location;bangalore
1691;model_year;2017
2948;kms_driven;4508
88;mileage;38.0
2994;model;Thunderbird
451;company;Yamaha
77;location;vadodara
942;model;Thunderbird
2589;model_year;2015
322;company;Bajaj
4058;model;Passion
3433;kms_driven;32000
3217;power;16.7
42;model_year;2017
3510;location;coimbatore
292;company;Royal-Enfield
3986;mileage;35.0
3208;kms_driven;22000
1482;owner;second
2433;model_year;2017
316;mileage;40.0
3096;model;RC
3561;model;Discover
3932;price;23000
2011;model;FZ25
3737;kms_driven;25500
3101;kms_driven;24000
209;owner;first
742;model;Splendor
326;owner;first
3407;model_year;2016
2509;power;27.2
1123;company;Royal-Enfield
2911;owner;first
3161;company;Royal-Enfield
3897;model;Passion
2749;company;Yamaha
1587;mileage;20.0
1193;company;Bajaj
472;price;124375
2951;mileage;38.0
3713;model_year;2018
1299;power;27.2
1625;power;7.7
2718;price;58000
1459;owner;first
673;power;11.8
752;owner;first
3875;model_year;2015
2845;mileage;25.0
833;price;162899
631;company;Honda
3567;power;14.0
843;owner;first
516;company;Bajaj
513;power;19.8
3703;kms_driven;13240
884;power;8.5
2264;power;19.1
1582;owner;first
4068;mileage;35.0
1588;location;delhi
1520;price;130000
2215;model;Himalayan
1570;company;Kawasaki
2741;power;27.2
2247;model_year;2013
398;price;45000
560;owner;first
1482;power;15.0
361;price;42000
112;owner;first
2925;model;Street
652;location;delhi
2645;mileage;42.0
4018;kms_driven;22000
1481;model_year;2017
2400;price;35145
2112;owner;first
447;kms_driven;46000
3346;owner;first
2735;model;Thunderbird
1278;model_year;2020
777;company;Hero
2833;model_year;2018
1864;price;45000
1133;location;delhi
2127;model;Iron
3411;kms_driven;9500
566;owner;first
2863;model_year;2016
229;kms_driven;600
2346;price;130000
3657;kms_driven;40670
3436;model_year;2017
1528;mileage;32.0
316;kms_driven;8500
3732;owner;first
414;mileage;25.0
360;model_year;2019
3533;mileage;35.0
939;mileage;65.0
3904;mileage;5.0
2789;kms_driven;40300
1017;mileage;55.0
921;company;Yamaha
2598;model;RC
144;price;111100
3529;model;Pulsar
1694;kms_driven;9164
2304;company;Honda
3691;power;33.0
4085;price;65000
2486;power;20.3
438;model;Passion
1951;power;9.0
3679;company;Hero
1455;power;14.0
160;power;19.8
2839;owner;first
4008;price;103000
164;location;bangalore
2612;price;210000
3033;kms_driven;9400
127;power;33.0
1995;kms_driven;31220
763;location;chennai
982;model;Pulsar
2548;kms_driven;39000
2141;owner;first
3237;location;hyderabad
498;kms_driven;7500
2477;owner;first
4054;power;19.0
2449;model;V15
3555;model;CBR
626;model_year;2017
4013;location;gurgaon
2597;location;ghaziabad
4039;mileage;57.0
2005;power;37.73
1615;location;indore
2407;mileage;20.0
2010;model_year;2015
1666;model;Street
2897;company;KTM
605;model;Passion
2197;owner;first
2724;price;99999
2289;power;29.1
2483;company;KTM
202;kms_driven;11000
334;owner;first
220;owner;second
83;model_year;2020
902;location;faridabad
190;mileage;37.0
2466;model_year;2017
3655;price;125000
3588;price;170000
1679;model_year;2015
1211;price;135000
854;company;Royal-Enfield
1505;price;40000
2045;kms_driven;2242
3444;kms_driven;14000
1073;company;Suzuki
3087;company;Royal-Enfield
1835;model;YZF-R15
953;power;14.3
2649;model_year;2013
2482;owner;first
1398;price;50000
137;model_year;2016
461;model_year;2018
3823;price;90000
3527;power;7.5
3847;kms_driven;5800
2507;mileage;40.0
2040;company;Suzuki
2629;kms_driven;13200
615;price;70000
3988;model;Passion
914;owner;first
1370;kms_driven;7800
203;location;mumbai
2878;model_year;2018
2176;model;V15
3564;owner;first
663;company;Bajaj
353;model_year;2017
60;kms_driven;45000
3427;company;Benelli
3894;power;7.5
2489;model_year;2009
2649;owner;second
2534;company;Hero
3207;mileage;40.0
2177;location;noida
1193;model_year;2015
3494;owner;first
2640;model_year;2017
3085;model;Street
2873;location;hyderabad
952;price;136400
596;location;delhi
2915;company;Yamaha
1252;kms_driven;5520
625;owner;first
870;model_year;2015
1227;kms_driven;35000
3130;owner;first
1518;model_year;2018
2348;model;Glamour
767;company;Royal-Enfield
581;location;bangalore
686;kms_driven;23000
675;location;delhi
1493;power;33.0
484;company;KTM
395;kms_driven;36000
2045;mileage;35.0
668;owner;first
3816;price;15311
1672;model;Thunderbird
107;power;12.0
3589;company;UM
1783;company;Hero
392;mileage;35.0
3434;mileage;40.0
2364;model;YZF-R15
298;model_year;2018
3232;price;85000
2791;owner;first
1318;kms_driven;15000
2730;model;RC
1448;price;80000
523;location;bangalore
610;price;123500
3666;mileage;40.0
3537;power;72.68
1888;model_year;2018
3784;kms_driven;12000
3261;company;Hero
2977;model_year;2004
1574;power;77.0
1913;model_year;2014
256;power;65.0
1351;kms_driven;7329
1548;owner;first
2965;power;19.8
99;kms_driven;2300
4099;owner;first
3121;owner;first
3293;owner;first
3091;owner;second
1675;model_year;2018
1690;power;11.0
656;kms_driven;84000
356;company;Royal-Enfield
1135;company;Harley-Davidson
688;mileage;37.0
4080;company;Hero
143;company;Royal-Enfield
1019;model;Splendor
1522;owner;second
3707;location;delhi
834;company;Royal-Enfield
2235;owner;first
613;model;Passion
241;model;Splendor
976;location;delhi
3572;power;42.9
189;company;Royal-Enfield
1232;price;115600
1363;mileage;40.0
2174;model_year;2014
2325;kms_driven;6700
3114;kms_driven;35467
592;owner;first
2414;company;Bajaj
3543;owner;first
518;owner;first
3570;company;KTM
2169;company;TVS
354;location;mumbai
1680;mileage;40.0
502;mileage;35.0
1866;price;110000
3074;location;pune
2763;kms_driven;30000
2821;location;hyderabad
2880;location;kalyan
2561;company;UM
1492;company;KTM
2063;power;24.8
1250;company;Royal-Enfield
2657;mileage;35.0
1470;company;Bajaj
650;location;mumbai
2935;kms_driven;38425
3684;owner;first
1524;model;Gixxer
1927;mileage;26.0
950;model;Splendor
2317;mileage;38.0
2091;price;149000
2930;owner;first
1983;model;Thunderbird
582;company;Royal-Enfield
3873;kms_driven;16000
3336;company;Hero
822;mileage;65.0
3172;model_year;2019
3536;model_year;2015
3365;model_year;2018
3497;location;delhi
654;model;Pulsar
801;mileage;55.0
3197;kms_driven;12600
1533;price;370000
1565;mileage;25.0
2471;location;surat
1476;kms_driven;22000
2890;mileage;57.0
3676;kms_driven;16500
3605;mileage;25.0
637;company;Royal-Enfield
3571;kms_driven;20000
3326;kms_driven;32000
2317;kms_driven;44000
1944;company;UM
1248;company;Hero
86;power;21.0
3745;model_year;2014
4087;model_year;2016
3722;kms_driven;21000
1924;company;Suzuki
3947;mileage;52.5
1047;model_year;2020
2424;company;Bajaj
1674;kms_driven;15452
2117;model;Thunderbird
2106;location;mumbai
3739;owner;first
3907;location;delhi
1370;power;19.8
3465;mileage;40.0
1432;price;51700
223;model;Pulsar
1177;location;delhi
3925;price;118150
4030;model;V15
3571;owner;first
345;kms_driven;89000
2763;location;gurgaon
2721;location;delhi
899;mileage;35.0
2621;owner;first
242;location;bangalore
2348;price;55000
1142;owner;first
2137;price;259375
512;power;27.2
3661;model_year;2017
2731;location;bangalore
2455;power;16.7
1346;mileage;50.0
1614;price;25000
677;model;RC
1829;company;Hero
2742;model;Splendor
4099;company;Bajaj
357;price;140000
4042;owner;first
2659;owner;first
2792;owner;second
3266;model_year;2011
1407;power;20.3
1720;kms_driven;30000
1948;model;YZF-R15
906;price;121700
2141;price;415000
2206;location;delhi
1215;power;19.8
480;location;delhi
4031;company;Royal-Enfield
3506;kms_driven;7400
1925;location;mumbai
380;power;13.0
933;location;surat
2055;location;hyderabad
2289;mileage;26.0
2128;price;300875
1145;power;19.8
907;mileage;35.0
3175;company;Hero
3283;company;Hero
154;location;gurgaon
2461;company;Royal-Enfield
1899;model_year;2017
1061;power;19.8
3829;kms_driven;6701
2768;model;Pulsar
4083;model_year;2012
1484;kms_driven;30000
1686;power;19.8
1398;mileage;29.0
260;model_year;2011
1226;power;27.2
1243;kms_driven;42000
3919;mileage;5.0
3132;model_year;2015
2902;owner;first
2220;company;Kawasaki
3961;model_year;2011
3652;location;delhi
429;kms_driven;18000
3284;company;Royal-Enfield
1354;location;mumbai
182;model;Classic
2018;price;30000
2505;owner;first
3141;model;Thunderbird
1754;model_year;2014
946;model;Renegade
1090;price;62000
1461;company;Royal-Enfield
664;owner;first
1832;power;19.8
1326;price;155000
1293;mileage;40.0
857;owner;first
51;location;bangalore
1892;location;ambala
2653;company;Yamaha
2018;power;17.0
1285;model;Avenger
1546;location;mumbai
956;owner;first
2213;company;Harley-Davidson
3876;model_year;2014
185;mileage;81.0
2461;kms_driven;25000
3756;model_year;2018
2154;price;85000
613;owner;first
3376;mileage;57.0
3067;company;Kawasaki
1090;location;hyderabad
2128;mileage;21.0
527;model;HF
1517;company;Yamaha
2016;mileage;15.0
2025;location;mumbai
1875;owner;first
1329;model;Duke
1272;owner;second
535;price;65000
3356;mileage;42.0
3605;company;Royal-Enfield
583;model;Classic
1680;company;Bajaj
175;power;17.0
3677;owner;first
1564;model_year;2014
3587;kms_driven;34000
2048;owner;third
2834;company;Hero
4035;location;chennai
740;location;gurgaon
713;owner;first
2096;owner;second
460;price;48700
2222;mileage;57.0
3381;company;Hyosung
3126;model;Bullet
2514;model;FZ25
1045;company;Bajaj
1307;price;30000
1723;model;Duke
532;owner;first
752;mileage;35.0
1740;kms_driven;59000
4013;model_year;2017
591;company;Royal-Enfield
321;power;14.3
2706;power;8.2
2817;model_year;2017
3542;power;27.2
1965;price;61500
2165;model;Super
2634;company;Hero
2446;model;RC
3776;price;135000
3736;company;Royal-Enfield
514;kms_driven;58000
386;owner;first
532;location;hyderabad
1110;company;Yamaha
2625;company;Bajaj
284;mileage;55.0
282;mileage;65.0
573;kms_driven;13925
3694;price;110000
1479;price;130440
2427;model;Classic
2584;location;vadodara
614;kms_driven;47000
4009;power;13.0
3623;kms_driven;2300
2285;owner;first
3304;company;Royal-Enfield
3639;location;faridabad
1838;model_year;2016
3377;model;RC
30;power;11.0
2541;location;bangalore
3776;owner;first
578;kms_driven;22313
2621;power;19.8
4041;power;25.0
3252;price;95000
2967;mileage;45.0
2978;price;108000
1215;company;Royal-Enfield
274;company;Royal-Enfield
508;mileage;38.0
2952;owner;first
2208;power;9.0
2852;company;Bajaj
726;price;45000
481;location;delhi
2265;company;Royal-Enfield
1390;kms_driven;14000
1410;location;jaipur
3921;mileage;65.0
280;company;Bajaj
2734;mileage;40.0
3584;power;21.0
1167;kms_driven;2500
3347;price;145700
3021;location;delhi
3637;price;75000
3097;power;19.8
3896;model_year;2015
964;location;kolkata
1798;location;ahmedabad
1234;kms_driven;6500
3396;model_year;2016
1494;price;210000
801;model_year;2013
2951;location;pune
1616;mileage;55.0
474;owner;first
621;model;Pulsar
2857;owner;first
1952;kms_driven;47318
600;model;FZ25
1702;company;Royal-Enfield
260;mileage;32.0
1167;price;528425
2105;mileage;35.0
4065;model;Karizma
2581;company;UM
3205;kms_driven;40000
22;company;Honda
3;model_year;2012
845;kms_driven;12129
2498;owner;first
2347;owner;first
1703;owner;second
1480;location;vadodara
2387;model;Glamour
1955;model;RC
2595;power;19.0
3578;mileage;26.0
1421;power;11.8
380;price;61000
529;company;Hero
3041;model_year;2012
1182;price;50000
1927;location;delhi
719;model;Classic
3369;model_year;2010
1761;kms_driven;21500
2566;owner;first
601;price;190000
1615;price;170000
1533;mileage;20.0
715;kms_driven;10600
2149;price;130500
1820;model;Bullet
898;power;19.8
1293;owner;first
1382;kms_driven;4000
3037;location;bangalore
1101;price;141300
3467;kms_driven;15500
2496;kms_driven;23299
476;location;gurgaon
3871;mileage;32.0
2129;company;Harley-Davidson
459;kms_driven;10688
525;mileage;35.0
1332;model_year;2013
2882;model_year;2015
1343;model;FZs
2009;model;Ninja
3863;model_year;2008
3881;power;7.44
1109;company;KTM
2492;kms_driven;8300
1516;owner;first
3018;model;Standard
2613;kms_driven;18000
3678;kms_driven;51716
1363;company;Royal-Enfield
4033;power;12.32
1816;price;15800
3645;power;12.32
2687;model;Duke
3101;owner;first
2189;company;Royal-Enfield
3078;power;27.2
483;price;99000
3638;kms_driven;5000
322;model_year;2016
132;company;Royal-Enfield
1722;company;KTM
3987;model_year;2018
869;model;Gixxer
1271;kms_driven;16757
3847;model;Street
2670;kms_driven;2055
2939;price;31500
2567;location;ahmedabad
634;location;ghaziabad
378;company;Hero
3525;mileage;50.0
3294;power;27.2
847;kms_driven;45000
644;owner;first
4070;model_year;2016
911;power;16.7
4023;mileage;85.0
2934;power;25.0
3164;location;bangalore
2949;power;14.3
3075;power;24.8
3859;power;14.6
2928;location;gurgaon
2355;location;gurgaon
3115;location;delhi
780;model;Passion
3945;model_year;2018
2354;owner;first
519;power;19.8
827;owner;first
1215;kms_driven;11000
2701;price;32000
2277;location;jaipur
3011;model_year;2014
2273;price;27500
3410;mileage;63.0
998;owner;second
2228;mileage;20.0
3609;kms_driven;8500
3717;mileage;38.0
2881;company;Yamaha
2316;location;delhi
3752;model_year;2014
1453;model;Classic
260;kms_driven;23270
2286;location;bangalore
400;price;46000
1609;owner;first
29;model;Pulsar
555;kms_driven;4584
2136;mileage;20.0
2515;location;mumbai
1491;mileage;35.0
4081;power;12.32
121;model;Centuro
3273;model;RC
1703;price;600000
1435;power;19.8
743;model;Gixxer
1593;location;ahmedabad
2686;model;CT
1196;location;chennai
549;model_year;2018
3966;price;62500
1006;model;Renegade
983;mileage;55.0
1705;company;Royal-Enfield
2332;price;61000
15;owner;first
1605;owner;first
318;kms_driven;18000
3249;model;Renegade
2564;kms_driven;21000
1099;kms_driven;36867
3913;power;29.1
3462;owner;second
268;model;Pulsar
2039;model;Classic
3356;kms_driven;26925
1548;location;lucknow
1331;location;bangalore
515;power;19.0
2567;mileage;40.0
4050;model_year;2011
3360;model;Avenger
2214;model_year;2017
2298;model;Ninja
2572;owner;first
2677;power;16.0
2835;location;kolkata
2919;model_year;2014
2897;kms_driven;19073
2197;company;Royal-Enfield
402;model;Pulsar
1671;price;119300
1079;model_year;2013
967;mileage;65.0
2356;location;gurgaon
2254;mileage;53.0
1620;kms_driven;17900
1966;model_year;2016
1498;power;11.8
1139;power;19.0
150;kms_driven;25600
1730;power;11.8
1315;mileage;40.0
3786;price;180000
2415;power;19.0
3717;model_year;2017
1391;location;gurgaon
139;owner;first
2873;price;57000
559;owner;first
962;location;chandigarh
2708;kms_driven;7329
1294;mileage;32.0
2368;location;delhi
3553;mileage;65.0
1094;mileage;21.0
3456;company;Bajaj
1670;model;Passion
236;model;Pulsar
3608;model;Splendor
2300;location;faridabad
1149;kms_driven;20000
2010;price;80000
3031;owner;second
1902;model_year;2020
1938;power;16.0
990;mileage;30.0
2012;price;31000
4023;power;8.2
3954;company;Royal-Enfield
3724;model;Street
1023;owner;first
716;price;70000
3000;company;Royal-Enfield
1297;company;Royal-Enfield
2241;mileage;38.0
3839;model_year;2012
2292;price;28000
2919;company;Bajaj
991;location;delhi
1727;location;delhi
1032;power;19.8
1929;owner;second
907;kms_driven;4701
179;model;CBR
2880;model_year;2018
2857;price;25000
3168;price;138900
1922;mileage;16.0
2120;model_year;2019
842;kms_driven;32000
298;location;delhi
2172;price;197125
2290;kms_driven;31027
798;mileage;45.0
3677;mileage;32.0
357;kms_driven;20000
3202;owner;first
3880;power;7.44
2119;kms_driven;6600
2754;owner;first
3720;kms_driven;36000
3336;owner;first
2539;power;16.0
1467;company;Harley-Davidson
1714;model;V15
920;company;Royal-Enfield
1710;mileage;30.0
2859;price;28000
2713;owner;first
1138;model;Classic
3497;mileage;20.0
1565;owner;first
2775;model_year;2015
1047;mileage;35.0
870;price;35000
2569;price;85000
2904;model_year;2017
3221;owner;first
3583;price;18900
526;model_year;2016
3724;price;450000
2303;model;V15
117;power;16.0
2405;price;125000
4036;power;13.0
3762;mileage;57.0
972;company;Hero
2671;model_year;2017
359;price;45000
1951;location;kolkata
3105;owner;first
721;company;Hero
3758;company;Royal-Enfield
1784;location;mumbai
2190;power;16.7
17;model_year;2015
512;mileage;32.0
2884;mileage;81.0
3524;model;Classic
3801;company;Royal-Enfield
1453;company;Royal-Enfield
292;model_year;2016
532;company;Bajaj
551;price;75100
1346;power;14.3
3210;location;chennai
1662;power;19.8
2718;owner;second
307;company;Bajaj
3770;owner;first
1480;model_year;2017
3082;model_year;2016
2288;price;82000
973;company;Triumph
419;location;chennai
3142;mileage;20.0
4023;price;28000
3981;mileage;60.0
2458;owner;first
3943;owner;first
2341;owner;first
1624;kms_driven;28600
2571;kms_driven;32000
1821;kms_driven;29800
3644;price;35000
1836;model_year;2018
2026;location;mumbai
1545;kms_driven;5931
81;kms_driven;1300
2125;power;60.0
1126;mileage;35.0
488;mileage;38.5
3764;location;ghaziabad
1839;owner;first
358;company;Royal-Enfield
2262;model;Duke
3303;location;bangalore
836;kms_driven;25000
3107;price;55500
2734;price;80000
948;mileage;40.0
489;location;nagpur
1496;kms_driven;58000
3313;owner;first
1255;power;27.2
4080;kms_driven;42000
350;model_year;2018
2365;power;111.0
3861;location;delhi
3825;owner;first
3335;owner;first
1005;company;Bajaj
3609;location;jaipur
792;location;mumbai
1953;location;delhi
2213;model;Street
605;location;noida
3983;owner;first
579;model_year;2018
2798;kms_driven;34000
53;power;16.0
3267;price;110900
1730;model_year;2017
1292;model_year;2012
1376;location;indore
11;model;Bullet
2520;power;19.8
745;model;Classic
1200;location;delhi
1877;company;Royal-Enfield
2645;model_year;2017
3855;price;28700
2319;company;Royal-Enfield
3364;mileage;65.0
2580;power;25.0
609;owner;first
41;kms_driven;5389
105;mileage;26.0
2982;model_year;2011
600;kms_driven;29000
507;owner;first
3376;model_year;2016
721;price;24100
1668;owner;first
883;location;thane
2857;model;Discover
2534;owner;first
1435;company;Royal-Enfield
2425;company;Royal-Enfield
2525;price;47000
567;model_year;2016
3907;model_year;2017
1944;kms_driven;16000
926;location;gurgaon
80;location;delhi
3369;mileage;40.0
3163;model_year;2015
3765;owner;first
760;mileage;53.0
1659;owner;first
3393;model_year;2013
4015;power;7.44
1552;location;pune
3498;company;Harley-Davidson
549;location;mumbai
2617;model;Avenger
3666;power;19.8
3819;power;27.2
1981;model_year;2018
260;location;pune
2933;company;Royal-Enfield
3885;power;13.0
1483;model_year;2015
1388;company;Bajaj
3669;kms_driven;49767
1446;mileage;35.0
3972;power;16.0
893;model_year;2009
29;company;Bajaj
2996;model_year;2017
3176;location;tiruvallur
2151;owner;first
2441;location;nagpur
1726;owner;first
2959;model_year;2017
1333;location;bangalore
2374;company;Royal-Enfield
2675;power;8.0
2724;kms_driven;25000
3166;power;12.32
2255;location;pune
611;kms_driven;19456
3687;price;15000
3804;mileage;42.0
2566;model;YZF-R15
2381;price;70000
2149;model;Classic
2925;model_year;2015
279;company;Royal-Enfield
2019;company;Royal-Enfield
1660;mileage;55.0
2673;kms_driven;9000
3044;owner;first
3278;location;mumbai
1676;owner;first
2136;model;Iron
3214;kms_driven;8300
2890;model_year;2017
3140;model_year;2009
4021;company;Hero
1173;mileage;38.0
171;location;mumbai
577;kms_driven;6000
3047;power;33.0
2288;owner;first
1080;location;jaipur
1288;location;delhi
339;price;260000
3972;model_year;2015
3706;model_year;2017
2021;kms_driven;8000
3067;model_year;2016
1430;model;Classic
2103;company;Hyosung
3768;owner;first
2187;model;YZF-R15
133;location;hyderabad
1769;price;48400
2795;company;Hero
2606;mileage;25.0
3167;mileage;50.0
968;model;Classic
2415;location;thane
2077;company;Hyosung
1582;price;145000
1538;model;FZs
3734;kms_driven;26008
1255;owner;first
3506;company;Harley-Davidson
3595;owner;first
3006;owner;first
3993;model_year;2013
3069;location;bangalore
1950;model;Classic
2963;owner;first
320;model;Classic
1750;company;Bajaj
1424;kms_driven;50000
4070;price;58000
115;model;Classic
570;company;Royal-Enfield
2428;price;75000
3365;company;Bajaj
2732;kms_driven;39000
2070;power;18.76
208;kms_driven;28500
2360;kms_driven;21023
1031;company;UM
1270;owner;first
1989;mileage;65.0
3719;model_year;2004
1784;model;GT650R
2490;mileage;40.0
1782;owner;first
594;location;gurgaon
41;location;delhi
136;company;Royal-Enfield
3737;mileage;25.0
3655;owner;second
1945;location;delhi
2657;company;KTM
4072;price;200000
3781;company;Hero
1415;power;11.8
923;owner;first
1011;model;V15
3901;mileage;45.0
2784;location;chennai
3250;model_year;2017
248;power;14.3
3105;model;Splendor
2006;location;delhi
2997;owner;second
1186;kms_driven;10000
1984;company;Royal-Enfield
3521;model;Discover
176;company;Bajaj
2487;model_year;2018
3016;kms_driven;60055
73;company;Bajaj
3374;kms_driven;34304
3496;power;47.0
3128;kms_driven;10000
992;power;16.7
1146;power;7.7
3696;mileage;35.0
911;model_year;2017
763;model_year;2017
1925;price;69999
1683;power;27.2
1226;owner;first
2759;mileage;35.0
4079;kms_driven;20000
3868;model;Pulsar
1011;model_year;2017
2809;price;38000
967;power;17.0
608;power;13.0
1758;model;Splendor
2893;owner;first
1540;model_year;2018
2601;kms_driven;30090
64;kms_driven;39000
3309;mileage;40.0
2612;location;chennai
738;power;11.83
2019;model_year;2016
2824;location;faridabad
3512;company;Harley-Davidson
88;model_year;2015
2557;kms_driven;25256
3455;model_year;2015
1959;model_year;2018
1843;company;Hero
1782;model;FZs
1563;owner;second
2017;location;mumbai
2024;location;mumbai
713;mileage;32.0
1452;kms_driven;15000
2234;price;60000
370;location;ahmednagar
2030;kms_driven;20000
2120;owner;first
3091;power;20.0
2776;mileage;37.0
1861;mileage;20.0
3004;price;60000
849;owner;first
2181;location;nashik
3556;kms_driven;16000
2899;company;Hero
2751;mileage;25.0
700;price;85000
451;model_year;2018
802;owner;first
170;owner;first
3359;model_year;2018
571;owner;first
666;owner;second
288;mileage;50.0
3869;power;16.0
1900;owner;first
3462;kms_driven;34000
2802;company;KTM
1168;owner;first
1551;location;delhi
2064;location;ahmedabad
1205;model;Electra
117;model_year;2016
2657;kms_driven;20000
2755;mileage;32.0
1849;company;Hero
2302;power;9.3
3887;price;99000
2414;mileage;64.0
3262;location;chennai
2029;price;70000
1974;power;17.0
2778;company;Royal-Enfield
1543;mileage;38.0
3748;price;120000
3652;price;70300
3131;model_year;2014
2564;model_year;2014
725;kms_driven;5500
44;mileage;38.0
2819;model;Xtreme
2526;model;RC
236;company;Bajaj
2406;power;28.0
3203;kms_driven;53800
1962;location;delhi
3634;location;delhi
177;model;Classic
1875;price;78600
3946;kms_driven;20000
832;price;108000
1816;model_year;2007
1438;company;Hero
3507;power;47.0
1424;owner;first
2942;kms_driven;6900
1027;model_year;2020
401;model;Pulsar
2880;mileage;35.0
3023;mileage;40.0
1260;kms_driven;8265
3816;company;Bajaj
674;location;delhi
1008;kms_driven;12000
3765;price;18500
96;price;77815
207;company;Bajaj
1123;kms_driven;31500
3764;mileage;50.0
603;owner;first
1572;kms_driven;167
3798;owner;first
2499;model_year;2019
2876;power;13.0
951;model;Street
2612;model_year;2018
932;company;Hero
742;owner;first
3187;price;72000
2333;power;17.0
1153;location;jaipur
30;mileage;55.0
489;company;Royal-Enfield
638;model;Pulsar
807;model;Bullet
389;kms_driven;17900
2743;location;bangalore
1894;kms_driven;5000
1292;kms_driven;14000
2041;price;480000
318;model_year;2017
729;model_year;2019
2809;power;8.2
3707;mileage;35.0
3013;price;50000
3721;kms_driven;15440
745;owner;first
3480;location;gurgaon
2641;model;Duke
3575;owner;first
1331;kms_driven;42000
2796;price;33000
3129;location;thane
1691;power;19.8
2791;price;25000
1489;model;Thunderbird
2371;model;Pulsar
3203;model_year;2018
996;power;19.8
1030;location;mumbai
4069;model;Splendor
96;mileage;35.0
469;kms_driven;11250
3598;location;hyderabad
358;model_year;2014
472;company;Royal-Enfield
3968;company;Royal-Enfield
645;price;130000
2570;model_year;2006
452;kms_driven;16525
2883;price;78000
2048;kms_driven;52000
645;kms_driven;30000
804;company;Yamaha
630;mileage;29.0
1917;mileage;25.0
123;price;53000
2921;price;58000
3425;company;Harley-Davidson
3731;price;55000
385;owner;first
3438;kms_driven;22000
4089;kms_driven;18446
1856;price;98000
3421;owner;first
1875;kms_driven;4600
2726;owner;first
1064;mileage;30.0
2014;model;Discover
3631;owner;first
3571;price;80000
1495;location;delhi
606;owner;first
545;mileage;81.0
1153;model_year;2015
4001;model_year;2016
3924;location;delhi
590;owner;first
789;owner;first
1309;kms_driven;6000
3566;company;Honda
3137;mileage;35.0
892;owner;first
1879;location;noida
1426;owner;first
3860;power;27.2
330;price;170000
4008;location;coimbatore
3541;location;jaipur
3044;company;Royal-Enfield
3068;model_year;2020
3451;price;130000
625;power;7.91
935;owner;second
17;location;delhi
209;location;bangalore
630;model_year;2015
3989;owner;first
3188;power;25.0
3287;company;Bajaj
641;mileage;50.0
3320;company;Royal-Enfield
762;kms_driven;96000
1277;company;Bajaj
3153;company;Royal-Enfield
992;location;bangalore
1948;mileage;42.0
3207;company;Royal-Enfield
3022;location;bangalore
1592;kms_driven;33000
1834;power;11.8
426;owner;first
1229;location;thane
496;company;KTM
3149;model_year;2016
249;owner;first
1335;location;vadodara
1065;power;11.8
3779;price;52000
2280;power;19.8
2206;kms_driven;32000
3080;model;Thunderbird
3231;owner;first
3435;price;80000
2437;kms_driven;10800
2713;model_year;2019
3894;mileage;55.0
3049;model_year;2008
749;price;150000
5;owner;first
1797;company;Royal-Enfield
2293;location;delhi
3285;model_year;2015
2490;owner;second
1854;model_year;2016
1112;model_year;2017
3315;company;Harley-Davidson
2576;price;69999
3493;owner;first
2537;model_year;2013
1913;price;34850
2729;kms_driven;9900
283;power;12.32
3188;price;98000
164;model_year;2015
954;model;FZ25
2764;model;Thunderbird
2747;power;12.32
1454;model;Classic
1329;model_year;2018
2218;mileage;35.0
3728;model_year;2018
3657;mileage;40.0
31;power;17.0
1653;power;17.0
3005;kms_driven;39000
3936;kms_driven;38253
43;owner;first
1389;model;Thunderbird
1014;price;68000
559;power;8.2
295;company;Bajaj
2759;location;gurgaon
2930;price;390000
2289;price;165000
1144;price;57541
2228;price;295000
2752;power;16.7
1747;kms_driven;36000
2725;model_year;2014
3791;kms_driven;33000
1324;price;90000
3224;mileage;37.0
1302;location;delhi
1350;price;120000
792;power;19.1
4089;company;Hero
2150;power;8.2
2334;mileage;37.0
3023;owner;first
1662;price;200000
956;model;Classic
3625;model_year;2016
552;company;UM
1071;model_year;2013
726;company;Yamaha
1467;kms_driven;6500
1541;kms_driven;11000
296;model_year;2018
2781;company;Harley-Davidson
979;kms_driven;10100
2861;location;tiruvallur
806;kms_driven;81315
3991;power;8.1
2839;location;gurgaon
3367;location;faridabad
1565;model;Street
73;model;Avenger
2841;mileage;75.0
1512;owner;first
3731;model_year;2012
3059;kms_driven;17500
3320;price;120000
3166;price;37500
2075;location;hyderabad
2472;kms_driven;21000
3780;mileage;25.0
1136;owner;first
1768;model_year;2014
1309;company;Royal-Enfield
4032;model_year;2011
2724;mileage;25.0
1868;owner;first
239;owner;first
3261;location;bangalore
807;power;26.1
3160;owner;first
672;power;8.5
2146;location;mumbai
2794;location;mumbai
1074;location;hyderabad
1640;kms_driven;21866
2519;price;42999
3864;owner;first
1570;power;39.0
118;power;19.8
2223;owner;first
3560;location;delhi
3935;model;FZs
1495;model_year;2018
3173;owner;first
3335;power;47.0
3408;company;Royal-Enfield
122;kms_driven;28800
3345;owner;first
3191;model_year;2017
1360;mileage;42.0
1605;company;Hero
1398;location;mumbai
2637;model_year;2017
2390;model;Classic
2103;owner;second
3059;owner;second
3165;location;delhi
1279;location;ludhiana
3684;price;101900
2851;location;bangalore
814;model_year;2020
2572;price;69000
2518;kms_driven;40000
2370;company;Hero
1685;company;Triumph
3038;price;88000
399;mileage;35.0
3295;power;19.8
1338;price;43000
2292;power;7.7
2858;price;30000
3350;price;210000
1852;price;129700
3891;location;chennai
2645;company;Yamaha
3308;owner;first
886;power;17.0
1985;location;thane
2574;model;Thunderbird
2065;price;16000
3295;model;Thunderbird
3625;company;Harley-Davidson
552;mileage;35.0
43;price;42000
3853;location;delhi
2137;power;37.73
2085;kms_driven;31000
2014;power;12.32
2398;mileage;65.0
3617;location;chandigarh
468;model;Classic
3295;kms_driven;19000
1745;location;indore
2616;model;Classic
2874;model;V12
2023;power;42.9
277;company;Royal-Enfield
3173;model;Discover
127;owner;first
2035;price;30000
3652;mileage;30.0
3829;power;27.2
2190;model_year;2014
1562;price;80600
15;model_year;2018
3474;mileage;35.0
2447;model_year;2015
70;company;Hero
1748;model;CBZ
1076;owner;first
519;model_year;2019
2432;kms_driven;11000
2172;location;mumbai
1849;price;64000
2764;location;gurgaon
1334;price;96800
1853;kms_driven;14256
3042;company;Royal-Enfield
698;kms_driven;16000
2325;location;delhi
2615;owner;first
2226;company;Suzuki
269;power;19.0
2558;company;Bajaj
2104;model_year;2011
3219;price;105000
2563;power;27.2
1046;price;85000
2044;model;TNT
3163;mileage;40.0
1475;price;150000
707;model_year;2018
2386;model_year;2018
3643;mileage;40.0
3392;owner;first
1657;mileage;32.0
3798;location;noida
514;power;9.0
1017;kms_driven;17500
1400;mileage;30.0
3917;power;8.2
4073;model_year;2018
506;location;delhi
3481;kms_driven;3750
3209;model;YZF-R15
1828;kms_driven;17000
262;owner;first
2283;price;175000
3204;mileage;35.0
3660;model_year;2016
253;location;mumbai
610;mileage;35.0
1379;mileage;27.0
1816;kms_driven;40000
3001;owner;first
2616;owner;first
1512;price;93400
2011;company;Yamaha
220;power;14.0
555;price;65000
414;owner;first
789;price;35000
1988;location;vadodara
1686;company;Royal-Enfield
1164;price;850000
2643;model;RC
1618;model_year;2016
2602;model_year;2017
1893;model_year;2017
1097;company;Bajaj
2927;price;275000
1808;model;Thunderbird
1296;price;120000
1327;model;Himalayan
4081;model_year;2009
984;power;19.8
2276;power;19.0
2322;owner;second
494;company;Hero
1904;kms_driven;6200
3231;company;UM
3470;mileage;35.0
2742;model_year;2020
2892;company;Kawasaki
2129;price;544687
2129;kms_driven;27000
3090;location;hyderabad
2261;company;Kawasaki
1574;model;Street
949;model_year;2019
3367;company;Bajaj
920;owner;first
1807;location;jaipur
629;company;Royal-Enfield
32;kms_driven;5700
1130;model;Classic
3074;mileage;32.0
2453;mileage;50.0
940;company;Royal-Enfield
1112;model;Pulsar
2253;price;114125
2045;location;mumbai
3798;company;Bajaj
3586;kms_driven;12500
3791;location;chennai
2104;power;19.8
1615;kms_driven;20831
2351;company;Yamaha
3879;location;ludhiana
659;power;21.0
3851;company;Suzuki
983;model_year;2020
199;mileage;40.0
2669;owner;first
1545;price;207500
1377;owner;first
3755;company;Royal-Enfield
1303;model;Gixxer
4064;location;jalandhar
332;model_year;2016
979;model;Classic
2069;location;mumbai
3768;location;bangalore
3211;company;Yamaha
743;location;bangalore
336;model_year;2013
2754;model;Splendor
1146;location;ludhiana
2596;location;kalyan
2169;owner;first
658;power;21.0
3149;price;95000
317;kms_driven;40000
2911;model_year;2013
1912;company;Harley-Davidson
2539;price;75200
536;location;mumbai
1727;price;28000
676;owner;first
2512;model_year;2017
727;kms_driven;15500
1735;mileage;40.0
3098;mileage;48.0
3383;owner;first
1096;model;Classic
3461;model_year;2016
1194;power;14.0
3844;model_year;2015
962;owner;first
3496;company;Harley-Davidson
2049;model;Pulsar
1552;kms_driven;34000
4037;model_year;2011
256;model;Street
895;model;CT
2539;location;chandigarh
1615;owner;first
1297;price;155000
787;model;HF
1070;power;19.8
1354;company;KTM
2986;kms_driven;19220
2339;power;25.0
3548;location;hyderabad
2117;power;19.8
3103;company;Bajaj
2195;model_year;2012
3735;company;Royal-Enfield
1447;company;Hero
2837;location;gurgaon
3909;price;95000
599;power;12.9
3394;power;13.0
1788;price;535000
1462;owner;first
3032;model_year;2006
4065;kms_driven;57000
1116;owner;first
1994;price;57000
1244;owner;first
2175;company;Bajaj
787;price;20000
3624;kms_driven;2750
1589;company;Bajaj
2089;kms_driven;20990
2065;model;Passion
4063;model;CD
1285;power;19.0
728;model;Pulsar
693;mileage;42.5
3490;power;13.0
3763;model;Avenger
2302;mileage;55.0
2519;model_year;2016
2473;company;Bajaj
2993;price;120000
485;power;21.0
1831;kms_driven;2000
1753;mileage;55.0
2026;mileage;63.0
3364;company;Hero
3034;owner;first
2754;kms_driven;14028
3244;model;CBZ
282;model;Pulsar
443;kms_driven;7896
790;mileage;45.0
3827;mileage;25.0
2493;company;Royal-Enfield
1793;mileage;45.0
3438;location;gurgaon
3143;location;chandigarh
1576;location;delhi
2131;model_year;2015
1304;model_year;2016
3957;power;14.0
2929;owner;first
596;model;CBR
3705;company;Hyosung
2824;model;Splendor
88;company;Bajaj
1389;model_year;2014
1621;kms_driven;13800
3413;mileage;57.0
23;owner;first
2658;power;29.1
1572;price;180000
508;model;Pulsar
463;company;Hero
162;kms_driven;20000
2475;kms_driven;35000
1017;price;31000
4049;mileage;95.0
3301;power;14.0
679;kms_driven;28000
1776;mileage;55.0
646;model;CBR
2146;mileage;30.0
1235;kms_driven;7200
4023;company;TVS
2005;kms_driven;9000
3154;kms_driven;61122
2296;power;13.0
39;location;delhi
203;kms_driven;13230
1859;model;Thunderbird
86;price;58200
3231;model;Renegade
2555;owner;first
41;model_year;2020
3155;kms_driven;8866
1145;model;Classic
2203;model;Thunderbird
1865;model;Street
2921;location;hyderabad
2501;location;delhi
1435;kms_driven;6200
2444;model_year;2016
821;model_year;2018
3712;kms_driven;6800
2249;power;17.0
3343;mileage;32.0
551;power;18.1
3205;mileage;38.0
3042;location;thane
602;location;delhi
851;power;21.0
1676;company;Royal-Enfield
3535;mileage;45.0
612;mileage;37.0
398;model;Xtreme
505;price;165000
485;model_year;2013
337;location;bangalore
3564;mileage;25.0
1717;mileage;55.0
2858;kms_driven;8250
2203;company;Royal-Enfield
1547;owner;first
2554;model_year;2005
1587;company;Harley-Davidson
553;model;Renegade
3713;company;Hero
1874;model;YZF-R15
346;model_year;2016
3252;company;Royal-Enfield
908;location;delhi
2830;power;19.8
2848;price;69999
2775;owner;first
2526;model_year;2017
3447;kms_driven;16754
786;location;bangalore
3692;location;mumbai
1224;model;Classic
382;model;Thunderbird
2357;price;160000
949;location;mumbai
1338;kms_driven;46530
2165;power;9.0
3104;model;Super
1351;power;9.0
3066;kms_driven;10924
140;location;delhi
203;model_year;2019
3375;price;35500
2219;model_year;2018
119;location;delhi
2293;mileage;45.0
691;model;Pulsar
3715;mileage;26.0
3734;model_year;2017
4013;model;CT
3089;power;12.92
4096;owner;first
214;owner;first
1003;company;Hero
2640;mileage;35.0
553;kms_driven;6400
925;kms_driven;50000
3517;kms_driven;3000
1475;location;delhi
873;power;21.0
768;price;32025
2187;mileage;42.0
2990;price;70000
1408;owner;second
1767;model;Classic
3076;kms_driven;16000
2738;kms_driven;5000
699;location;delhi
2426;model;Classic
2201;price;77812
2622;price;45000
3370;kms_driven;50000
3381;model;Aquila
1275;company;Bajaj
2832;price;23000
3708;price;145000
3968;power;19.8
155;company;Yamaha
2043;power;19.8
1066;price;17958
1336;model;Classic
282;price;61000
2861;mileage;5.0
2534;kms_driven;31000
1484;owner;first
698;owner;first
1352;model;FZ25
3823;model;Bullet
1136;mileage;30.0
369;owner;first
60;owner;second
3434;price;82000
2758;price;92700
1859;location;mumbai
874;company;KTM
435;price;90000
3859;mileage;40.0
1250;price;134600
2417;company;Royal-Enfield
381;owner;first
2234;location;noida
2114;company;Royal-Enfield
1272;price;360200
3796;kms_driven;6600
2860;price;34500
4005;location;delhi
4020;model;Classic
1307;model;Karizma
529;owner;first
867;company;Royal-Enfield
2134;power;60.0
776;company;Yamaha
878;company;Royal-Enfield
4013;mileage;89.0
3979;mileage;35.0
540;model;RC
1001;mileage;20.0
1597;company;Royal-Enfield
2437;owner;first
3171;power;19.8
1392;kms_driven;10500
3231;price;129700
4000;power;16.8
2624;company;Bajaj
1399;location;indore
3939;location;faridabad
2221;company;Yamaha
857;mileage;38.0
1478;company;Royal-Enfield
2277;power;7.7
2167;location;delhi
1816;owner;first
3342;price;80000
3846;price;135000
4047;company;Royal-Enfield
651;model;Pulsar
2922;price;355000
1120;model;FZs
1667;location;mumbai
1344;location;bangalore
2209;location;gurgaon
3058;company;Royal-Enfield
2036;model_year;2016
2024;company;Royal-Enfield
3712;mileage;55.0
3283;power;15.6
3833;power;19.8
3472;power;14.0
1737;location;ludhiana
3896;price;38500
933;model_year;2018
2327;model_year;2013
284;model_year;2015
108;price;215000
2747;model;Discover
123;power;8.17
3493;kms_driven;30000
2271;owner;first
1689;mileage;55.0
1623;company;Hero
644;price;5850
468;company;Royal-Enfield
4088;model_year;2005
2329;model;Classic
3954;model;Classic
2210;model;Continental
179;location;navi mumbai
3617;model;Classic
1314;mileage;20.0
1870;owner;first
2359;power;9.0
4051;kms_driven;18000
2502;location;delhi
1667;company;Yamaha
3108;power;19.8
729;location;faridabad
999;model;Bullet
3588;model_year;2018
4074;company;Hero
142;location;chandigarh
2036;price;120000
1873;model_year;2020
4037;model;CBZ
3586;location;delhi
2728;company;KTM
3992;model;Passion
4031;owner;first
2938;kms_driven;10000
1496;model_year;2016
2950;model;YZF-R15
4091;price;50000
3756;power;24.6
2962;power;16.0
3881;model_year;2002
2552;price;123000
4087;company;Bajaj
2191;price;80000
314;price;60000
3283;mileage;55.0
2509;mileage;25.0
610;owner;first
2949;model;Avenger
3906;mileage;65.0
2258;model;Ninja
1182;model_year;2011
3896;location;jaipur
908;owner;first
3152;company;Hero
2649;location;delhi
2982;company;Royal-Enfield
3858;model_year;2016
1097;location;patna
1597;model_year;2019
2147;location;pune
1335;model_year;2015
2160;location;mumbai
1081;model_year;2013
9;price;110000
3736;owner;first
3014;model;Xtreme
2995;location;noida
1453;price;181562
74;price;67500
2960;model;Thunderbird
3604;model;Avenger
3520;location;visakhapatnam
568;owner;first
1922;owner;first
2882;price;325000
722;kms_driven;16000
3534;price;180000
808;price;296000
1997;location;nagpur
3824;mileage;35.0
880;company;Royal-Enfield
2801;power;19.8
1593;model_year;2016
1575;location;gurgaon
3917;mileage;55.0
828;owner;first
1577;power;37.73
1950;kms_driven;21000
2029;power;19.8
1236;power;19.8
2872;price;10000
1800;model;Renegade
3399;owner;first
1213;company;Bajaj
3590;price;110000
3525;company;Bajaj
576;location;jaipur
2784;company;Suzuki
3043;mileage;32.0
1482;price;10000
3128;location;hyderabad
3953;power;7.5
3342;model;Avenger
271;mileage;38.0
892;mileage;5.0
1405;owner;first
3292;location;rajkot
2435;owner;first
1927;model_year;2015
802;kms_driven;20850
2498;model_year;2018
2290;price;85000
2540;model;V15
3000;model_year;2008
756;mileage;35.0
2761;mileage;55.0
2676;owner;first
3269;model_year;2011
1802;location;ahmedabad
4087;price;60000
768;owner;first
2358;company;Hero
800;model;Pulsar
250;model;Avenger
3245;model_year;2008
953;model;Avenger
2202;model_year;2014
1888;model;Continental
1401;owner;first
210;model_year;2017
2314;model_year;2016
3639;kms_driven;12000
3587;model;Bullet
2669;company;Royal-Enfield
3180;company;Royal-Enfield
1479;owner;second
3664;price;12000
2277;model;HF
300;price;160000
544;power;19.8
1270;price;52300
3667;company;Royal-Enfield
3045;power;26.1
1812;model;Bullet
3760;power;24.8
3673;kms_driven;40000
864;owner;first
2271;power;9.0
2420;power;27.2
3557;model;CB
1551;kms_driven;27000
3101;location;gurgaon
509;mileage;42.0
3111;mileage;89.0
2589;location;bangalore
3746;price;86500
487;owner;first
3288;power;17.0
326;mileage;35.0
268;model_year;2019
3858;price;149100
3529;model_year;2009
348;kms_driven;71000
3461;model;Pulsar
1772;kms_driven;23000
1821;mileage;40.0
1578;company;Royal-Enfield
340;mileage;35.0
1984;location;bangalore
2456;power;42.3
3376;power;11.8
1496;power;19.8
3379;mileage;45.0
586;company;Suzuki
110;mileage;35.0
2523;model;Classic
3252;kms_driven;9700
632;owner;first
173;power;27.2
279;kms_driven;30000
3904;model;Passion
8;location;ghaziabad
1770;power;14.6
1379;kms_driven;26400
2424;kms_driven;70000
2706;location;ludhiana
4061;company;Royal-Enfield
893;location;delhi
989;kms_driven;13000
2617;price;32900
3990;kms_driven;7193
3615;power;19.0
1795;power;7.7
728;mileage;38.0
396;company;Royal-Enfield
2227;company;Bajaj
3837;company;KTM
2753;kms_driven;15064
2533;price;15000
3156;mileage;57.0
3405;mileage;35.0
2656;model;Thunderbird
1041;kms_driven;1600
833;model_year;2016
1195;model;Passion
719;price;95000
1485;model_year;2017
2439;model;Himalayan
1212;company;Bajaj
1142;location;pune
957;model_year;2017
738;model;CBZ
480;kms_driven;6899
1219;location;delhi
3372;location;bangalore
1265;mileage;42.0
356;location;bangalore
1228;owner;first
2517;kms_driven;30000
1255;price;133100
1830;mileage;35.0
840;model;Thunderbird
3384;price;37000
3177;owner;first
3734;location;delhi
2427;mileage;35.0
439;model_year;2009
1316;power;20.3
3477;kms_driven;55000
1284;owner;first
3481;model_year;2016
2097;kms_driven;38097
1850;kms_driven;55000
3181;model_year;2012
25;model;Classic
3775;location;delhi
1502;owner;first
4001;power;16.7
3772;model_year;2017
3277;model_year;2019
1338;model_year;2016
1291;price;145100
1606;company;Yamaha
3311;owner;first
2945;owner;first
401;company;Bajaj
551;model_year;2018
827;power;19.0
89;price;100000
3053;price;55000
997;kms_driven;36000
669;owner;third
3726;power;21.0
1993;kms_driven;46000
2059;model;Pulsar
1077;model;Electra
2841;owner;first
3237;mileage;35.0
232;model;Avenger
1785;mileage;16.0
125;mileage;63.0
3623;mileage;25.0
1713;company;Suzuki
2024;kms_driven;9000
1741;model;Passion
1898;location;mumbai
2506;price;55000
240;location;mumbai
1231;mileage;35.0
1638;company;Royal-Enfield
28;price;45000
3020;kms_driven;43000
3711;owner;first
3600;company;KTM
2745;model_year;2018
962;model;Thunderbird
433;company;Yamaha
2576;kms_driven;24000
4066;kms_driven;53000
2220;power;197.3
3826;model;Classic
1747;model_year;2012
2639;location;mumbai
1833;kms_driven;11000
3477;price;26000
2497;mileage;40.0
1841;mileage;53.0
3104;model_year;2019
3361;model_year;2007
3482;model_year;2017
2681;kms_driven;18700
2109;power;19.8
47;model;Passion
573;model_year;2018
3221;kms_driven;19000
1202;price;100000
2298;owner;first
413;owner;first
2310;model_year;2019
3125;model;Gixxer
3934;price;47530
491;owner;first
1115;model;Thunderbird
2250;location;hyderabad
2803;price;30000
762;model_year;2009
4029;power;8.2
2732;power;19.0
1047;model;Classic
338;mileage;53.0
305;owner;first
1489;model_year;2015
2451;owner;first
3285;kms_driven;15000
926;power;19.0
538;company;Royal-Enfield
56;price;87500
4049;company;TVS
914;location;delhi
3162;mileage;40.0
258;model;Pulsar
3895;price;25000
1752;location;pune
1662;kms_driven;3500
1744;model_year;2018
141;owner;first
1640;owner;first
3065;model_year;2005
3580;power;11.8
968;company;Royal-Enfield
1607;mileage;55.0
1883;location;navi mumbai
1907;owner;first
3458;company;Royal-Enfield
222;owner;first
2535;location;delhi
1840;mileage;35.0
1699;mileage;35.0
2787;location;thane
2154;location;mumbai
3228;model;Karizma
2014;owner;third
1052;model;Classic
1638;location;hyderabad
1990;model_year;2018
3725;mileage;53.0
3880;model;Splendor
3875;price;22000
1701;location;pune
3370;price;16400
767;model_year;2017
1772;owner;second
2541;company;KTM
1945;company;Bajaj
1907;kms_driven;1800
1632;model_year;2017
390;power;25.1
3856;price;112200
3386;power;13.0
3872;owner;first
4100;model;Pulsar
2593;company;Benelli
961;model_year;2017
329;model;Classic
443;power;21.0
1506;owner;first
3624;price;134100
2338;kms_driven;40000
1450;company;Bajaj
3825;location;thane
408;price;91662
2703;price;21000
2686;model_year;2019
3750;model;Bullet
2260;model;Duke
397;model;Classic
3532;location;ahmedabad
1395;power;27.2
1595;power;14.3
2368;power;42.3
442;owner;first
2321;location;delhi
1485;power;19.8
337;kms_driven;25678
255;kms_driven;96000
1574;kms_driven;38000
3567;price;14000
822;model;CBZ
2565;model;V15
2749;kms_driven;18900
918;location;delhi
2422;kms_driven;19026
1508;owner;first
2877;model_year;2016
2212;model_year;2009
346;owner;first
1441;power;15.0
3917;owner;first
2474;kms_driven;31000
1071;kms_driven;17000
408;location;delhi
1487;mileage;67.0
1888;location;gurgaon
3986;model;Classic
1530;company;Benelli
1582;mileage;35.0
1415;mileage;57.0
2215;mileage;32.0
2429;owner;first
2405;company;Royal-Enfield
2265;kms_driven;48000
1209;location;ghaziabad
4069;model_year;2017
441;power;42.9
3503;company;Harley-Davidson
3887;location;delhi
1008;company;KTM
2014;kms_driven;34000
3601;location;bangalore
3886;power;19.8
1007;price;129687
1133;power;24.6
474;company;Bajaj
485;location;delhi
3096;company;KTM
1753;company;Hero
411;company;Hero
1425;location;ahmedabad
108;model;RC
1601;location;mumbai
3386;mileage;45.0
3306;model_year;2014
919;model_year;2012
3805;location;bangalore
2765;company;Royal-Enfield
991;mileage;35.0
2313;owner;first
2206;price;16300
1782;mileage;45.0
1090;model;Gixxer
2559;location;pune
2421;model_year;2017
3607;model;Himalayan
731;location;delhi
355;price;23500
3255;location;pune
3718;model;RC
551;mileage;39.4
2335;model_year;2010
1050;power;19.8
237;company;Royal-Enfield
2024;power;24.5
466;owner;first
2067;mileage;26.0
3263;model_year;2018
831;owner;first
1019;kms_driven;18500
1865;power;47.0
2189;model;Thunderbird
3965;power;16.0
2850;power;24.5
3772;owner;first
2491;model_year;2018
2482;company;UM
1017;model;Passion
1851;company;Yamaha
3030;power;19.8
279;model;Thunderbird
1732;price;100000
4086;model;YZF-R15
1858;model_year;2017
158;company;Hero
819;company;KTM
1044;company;Honda
1992;owner;first
3416;owner;first
1152;location;jaipur
686;power;14.3
1871;location;bangalore
4096;kms_driven;23000
2990;power;21.0
2060;company;Royal-Enfield
985;price;40000
1753;location;hyderabad
723;price;22000
1535;power;14.0
3635;power;12.92
541;price;105000
2528;company;Hero
2475;company;Mahindra
582;mileage;32.0
3009;mileage;65.0
1197;company;Hero
3207;model_year;2014
726;kms_driven;21100
2512;mileage;57.0
3729;power;7.5
1618;power;17.0
3514;price;350000
190;model_year;1991
3530;company;KTM
1356;model;Classic
1074;company;Bajaj
3643;location;pune
3331;location;delhi
1455;model_year;2019
2078;price;210500
3483;owner;first
1573;price;82000
1536;model;Classic
2229;price;78000
2042;owner;first
209;price;210000
1063;owner;first
1251;power;7.5
3740;location;bangalore
1276;location;bangalore
251;company;Royal-Enfield
1591;price;66000
2231;company;Bajaj
2609;model;Hunk
3774;price;75000
2704;model_year;2019
1217;location;faridabad
863;power;18.3
2450;model_year;2016
158;power;8.0
3037;model;Classic
554;model;Renegade
2890;location;faridabad
3593;company;Bajaj
774;owner;first
3358;price;105200
1716;power;13.8
1450;location;pune
2699;location;ahmedabad
3200;model;Himalayan
819;price;128000
3501;mileage;30.0
2697;power;13.0
2584;model_year;2018
3535;owner;first
1097;price;67000
2007;mileage;65.0
2044;mileage;25.0
3891;mileage;5.0
1520;mileage;40.0
2153;price;80300
1186;price;98000
1685;price;580000
1464;model_year;2018
784;location;hyderabad
1412;mileage;65.0
481;kms_driven;22000
3930;location;gurgaon
3081;company;Bajaj
3;model;GT250R
180;power;19.8
1657;model;Classic
3468;model;Gixxer
1306;kms_driven;4000
3696;price;130000
231;kms_driven;15000
866;price;80000
3925;mileage;25.0
788;model;Splendor
3378;kms_driven;20758
2452;mileage;26.0
202;company;Bajaj
3564;company;KTM
2071;owner;first
1993;location;jaipur
553;price;113000
1585;power;70.0
3048;model;Gixxer
3888;model;Centuro
1316;price;125000
2658;location;navi mumbai
3652;kms_driven;28800
279;mileage;40.0
283;model;Discover
2097;model_year;2015
3511;location;mumbai
1028;owner;first
3099;power;25.0
2476;location;delhi
1395;owner;first
2593;location;chennai
1020;model_year;2015
3078;model;Classic
2785;model_year;2018
3144;location;gurgaon
2168;mileage;5.0
319;owner;first
2948;owner;first
3679;price;19900
1345;model_year;2018
1224;kms_driven;9000
509;owner;second
241;mileage;81.0
1490;owner;first
3013;power;13.8
3578;price;150100
2028;price;66000
3027;price;120000
3490;kms_driven;25000
1583;company;Royal-Enfield
2811;price;58000
364;model_year;2008
2835;model_year;2015
2099;owner;first
2252;company;Hero
191;power;19.8
3911;kms_driven;21000
3401;model_year;2014
458;price;138880
786;power;19.8
2126;model;Iron
2165;location;delhi
167;price;58000
1499;owner;second
2774;kms_driven;31254
141;company;Royal-Enfield
2071;kms_driven;12000
3219;model_year;2016
3157;mileage;42.0
752;kms_driven;18000
1556;kms_driven;10000
2661;location;bangalore
3708;location;ghaziabad
3781;kms_driven;32050
1436;owner;first
1815;owner;first
655;model_year;2020
2415;owner;first
1880;location;chennai
2347;model;Splendor
3196;power;19.8
349;kms_driven;37000
1620;price;450000
3881;location;hyderabad
703;model_year;2010
1304;owner;first
2415;company;Bajaj
1477;mileage;40.0
1622;kms_driven;20000
246;model;Gixxer
1448;owner;first
1599;model_year;2019
1309;owner;first
3310;kms_driven;19000
2777;price;30000
1299;mileage;25.0
2547;owner;second
510;model;Pulsar
2415;kms_driven;14500
674;owner;first
1663;kms_driven;18000
1397;kms_driven;38150
2787;model;GT250R
2038;power;19.0
1646;company;Yamaha
2537;owner;first
844;model_year;2018
3126;price;180000
2786;owner;first
308;mileage;5.0
3803;location;noida
1548;model;Classic
365;power;19.8
1033;price;52000
2014;mileage;65.0
3888;model_year;2013
4032;power;8.2
2643;company;KTM
4006;model;Pulsar
3120;power;19.0
2817;kms_driven;20050
3947;kms_driven;25172
3178;owner;first
595;company;Hero
2101;mileage;65.0
2792;mileage;60.0
2251;owner;first
2909;mileage;20.0
1952;owner;first
1634;model_year;2017
2869;kms_driven;9100
1030;model_year;2011
2439;owner;first
3110;price;62000
2089;mileage;35.0
3586;price;55000
2168;owner;first
487;mileage;35.0
39;mileage;40.0
1671;power;19.8
847;owner;first
1979;owner;first
3578;model_year;2015
3836;price;150000
1510;location;delhi
2365;model;Street
2865;mileage;85.0
1482;kms_driven;80070
233;kms_driven;19500
1919;mileage;81.0
880;power;19.8
2181;owner;second
1902;kms_driven;1400
4042;price;17500
2172;model_year;2019
1479;model_year;2015
3251;mileage;40.0
1858;price;95000
3908;company;Bajaj
1103;owner;first
3066;model_year;2016
1249;kms_driven;15000
3361;kms_driven;81481
1063;location;delhi
3870;mileage;65.0
3158;owner;first
317;model_year;2011
3284;location;delhi
244;location;delhi
2349;power;19.8
1984;model_year;2018
2502;company;Royal-Enfield
81;power;19.1
802;company;Bajaj
4042;model_year;2009
71;kms_driven;40000
1134;company;Hero
86;model_year;2016
2342;price;103750
3343;owner;first
1387;company;UM
3749;kms_driven;86000
2836;company;Yamaha
2658;mileage;26.0
1578;owner;first
2112;mileage;22.0
3974;kms_driven;23690
1121;power;19.0
3505;mileage;20.0
618;model_year;2018
14;model;Avenger
3721;company;Bajaj
1953;model;RC
110;location;ambala
13;location;delhi
74;model_year;2017
3380;owner;first
898;model_year;2019
3318;model;Apache
3339;price;140000
894;company;Bajaj
450;owner;first
363;owner;first
1001;company;Harley-Davidson
1415;kms_driven;35600
3387;owner;first
1914;owner;first
299;model;Thunderbird
414;kms_driven;4000
2934;kms_driven;10000
953;owner;first
3235;owner;first
1378;power;19.8
774;price;180000
3991;owner;first
3494;price;145000
2998;mileage;40.0
431;price;176375
359;power;11.8
862;location;bangalore
2394;company;Royal-Enfield
3433;model;Ninja
3219;location;gurgaon
79;owner;second
2652;power;19.8
1924;owner;first
502;kms_driven;12500
1840;owner;first
2904;owner;first
3306;company;Mahindra
95;location;bangalore
3869;company;Yamaha
3843;kms_driven;15000
667;company;Hero
4011;company;Bajaj
910;location;mumbai
2781;location;thane
940;location;delhi
2085;owner;first
93;location;mumbai
4013;power;8.1
1183;company;Honda
844;mileage;40.0
393;model_year;2013
2769;mileage;53.0
127;model_year;2017
2209;company;KTM
2250;mileage;50.0
2916;power;19.8
1916;company;Harley-Davidson
825;power;8.2
835;price;112300
1497;location;delhi
618;power;21.0
2208;model;Glamour
3236;power;14.0
1774;company;Yamaha
1899;location;patna
491;location;bangalore
3516;location;kolkata
1220;kms_driven;63000
75;model;FZ25
252;company;Bajaj
741;location;kalyan
3197;mileage;40.0
1296;kms_driven;5500
2309;price;105000
379;location;delhi
3003;location;patna
2675;price;45500
3836;company;KTM
2238;model_year;2019
556;price;64674
4092;price;22000
1010;location;mumbai
3409;power;19.1
2413;company;KTM
1875;mileage;40.0
3126;kms_driven;8000
2230;location;bangalore
2891;kms_driven;17890
3351;power;14.3
711;model;Mojo
2715;mileage;25.0
2766;price;700000
216;model_year;2019
3552;model;RC
3948;owner;first
4000;company;Bajaj
2512;kms_driven;20000
2754;power;8.2
2170;location;bangalore
1264;company;Honda
2972;owner;first
2368;model;RC
358;power;19.8
3934;owner;first
576;mileage;25.0
2242;model_year;2018
1276;owner;first
1737;owner;first
3241;power;14.3
3682;location;mumbai
3531;kms_driven;300
2950;kms_driven;17000
2197;mileage;25.0
4023;model;Star
2283;model;Classic
2529;company;Royal-Enfield
3782;company;Royal-Enfield
1400;model;GT250R
1990;power;20.3
1117;mileage;37.0
766;mileage;84.0
144;power;19.8
1174;owner;second
3393;mileage;42.0
4056;location;delhi
1003;owner;first
2879;kms_driven;17000
1168;model;Splendor
1279;kms_driven;60000
17;power;13.0
163;model;Pulsar
465;company;Suzuki
1795;kms_driven;46643
1288;company;Royal-Enfield
2207;price;68000
2053;location;thane
706;owner;first
2179;mileage;35.0
3974;power;8.24
1247;mileage;42.0
3063;model_year;2015
660;kms_driven;21000
2755;model;Classic
2056;company;Bajaj
1093;owner;first
2742;location;ghaziabad
1854;location;bangalore
1930;power;19.8
1057;model;Street
2687;mileage;35.0
3849;model_year;2014
3804;price;39000
949;model;Passion
2461;price;100000
1174;power;19.8
3175;location;hyderabad
2355;owner;first
1428;model;Thunderbird
3689;model;Renegade
1971;power;25.0
1122;power;25.1
588;power;16.0
1889;location;delhi
4002;model;Pulsar
1879;power;16.7
1079;model;YZF-R15
2179;price;135000
2957;location;bhubaneshwar
2925;power;47.0
336;owner;first
3666;company;Royal-Enfield
2925;owner;first
1960;price;69500
246;kms_driven;32000
2208;company;Hero
3706;location;kolkata
2490;kms_driven;66650
3113;kms_driven;35000
1504;owner;first
228;kms_driven;7000
2610;model;Thunderbird
8;price;112000
3031;model_year;2017
676;mileage;57.0
432;power;16.8
1069;price;30600
2173;power;19.8
2539;model;YZF-R15
1642;price;78000
795;owner;first
3900;model_year;2017
2779;location;pune
3417;kms_driven;25000
234;model_year;2015
3485;location;pune
482;mileage;40.0
3580;location;ghaziabad
1763;company;Hero
3359;kms_driven;3500
3348;model;Classic
1886;price;61000
3154;mileage;52.5
3415;price;924999
1627;power;27.2
2833;company;TVS
3447;mileage;84.0
276;location;delhi
1648;kms_driven;30000
1408;power;19.0
2749;model_year;2015
2601;owner;first
265;kms_driven;25000
3305;kms_driven;8500
1282;company;Hyosung
621;model_year;2017
2676;model;Classic
566;model_year;2011
3849;company;Yamaha
3460;owner;first
20;owner;first
3031;model;Bullet
3073;location;mumbai
221;company;Hero
2034;price;41500
1979;kms_driven;60000
257;kms_driven;38000
1807;company;Hyosung
2695;model_year;2016
2619;mileage;32.0
3312;model_year;2014
2746;owner;first
219;model;Discover
3469;power;21.0
2758;model;Bullet
1370;location;coimbatore
340;model_year;2020
3909;kms_driven;26101
3417;model;Karizma
2121;company;TVS
2197;model_year;2017
1370;price;180000
40;price;32000
24;company;Hero
3252;owner;second
3594;owner;first
1893;location;gurgaon
1973;mileage;5.0
2643;kms_driven;12146
1454;location;mumbai
284;power;8.2
2297;company;Kawasaki
1531;model;Ninja
651;company;Bajaj
3580;company;Bajaj
1801;kms_driven;34000
2212;kms_driven;45000
866;location;mumbai
2882;kms_driven;4378
1944;model_year;2018
2331;mileage;35.0
3923;model;Himalayan
1230;mileage;50.0
612;power;19.8
1084;company;Hero
2550;company;Royal-Enfield
1052;company;Royal-Enfield
3553;model_year;2013
1203;kms_driven;17141
902;mileage;35.0
2282;location;mumbai
1990;location;bangalore
1315;model;Avenger
2289;model;Continental
37;price;55000
940;power;19.8
1733;model;Super
408;model_year;2018
1936;company;Royal-Enfield
339;model_year;2020
1562;mileage;40.0
1640;model;Gixxer
2346;location;indore
2473;kms_driven;3600
2617;model_year;2012
850;price;126100
2697;model_year;2013
2313;location;mumbai
3547;price;80000
1571;model;Discover
3136;model_year;2017
480;mileage;30.0
2446;price;180000
2427;price;97100
450;price;35000
3268;kms_driven;7000
1131;owner;first
349;company;Royal-Enfield
576;model;Duke
4034;location;chennai
896;power;11.8
506;price;31000
1821;owner;first
742;power;8.2
2035;kms_driven;46000
1809;company;Royal-Enfield
1209;model;Bullet
373;model_year;2021
212;price;103000
101;company;KTM
2454;mileage;35.0
2539;mileage;42.0
1914;price;125000
1944;location;mumbai
2275;price;25000
3118;owner;first
4049;owner;first
3055;kms_driven;3600
3284;mileage;35.0
846;price;95000
870;kms_driven;33000
3834;model;Passion
3575;company;Royal-Enfield
2153;owner;first
1766;price;92000
2979;owner;first
1300;location;jaipur
1397;company;Hero
2626;power;18.1
2469;price;20000
1164;model;Street
2268;company;Bajaj
3807;model;Renegade
2198;model_year;2019
3880;location;chennai
237;model_year;2017
2913;power;37.73
1784;power;72.68
3597;power;19.8
1647;location;bangalore
3554;owner;first
1710;location;delhi
3177;location;delhi
347;model;Avenger
1195;owner;first
3116;model;Discover
1367;owner;first
2932;price;280000
2433;company;Harley-Davidson
1571;kms_driven;28000
1342;mileage;32.0
588;owner;first
432;owner;first
2337;model_year;2019
299;location;pune
1835;location;delhi
2027;company;Royal-Enfield
2514;company;Yamaha
3771;owner;second
1881;mileage;60.0
2197;price;115000
1283;power;19.0
2689;model_year;2015
1614;owner;second
3826;power;19.8
3727;model_year;2007
1661;owner;first
3243;model;Gixxer
2443;location;delhi
142;owner;first
2436;model_year;2016
2837;model_year;2018
2899;model;Hunk
1763;mileage;75.0
3224;model_year;2007
4075;model;Thunderbird
928;model;Sport
276;price;129000
3303;model;Street
1508;model_year;2016
2058;model_year;2014
3457;price;100000
1049;model_year;2012
2344;model_year;2016
3171;owner;first
2317;price;53250
265;company;Hero
892;kms_driven;25000
166;price;22500
711;location;delhi
2072;owner;first
3431;price;11500
3302;model_year;2017
3909;power;19.8
3727;model;Discover
3682;mileage;20.0
2106;model;Duke
378;mileage;50.0
2781;owner;first
1967;kms_driven;12331
1436;kms_driven;19269
3394;mileage;45.0
1082;company;Royal-Enfield
2358;owner;first
4009;kms_driven;17000
2625;location;ahmedabad
1178;owner;first
702;kms_driven;550000
1229;owner;first
1076;location;gurgaon
3902;mileage;45.0
2195;company;Royal-Enfield
2102;model;Classic
389;model;Pulsar
960;location;delhi
4049;location;delhi
2727;owner;first
3515;mileage;20.0
1441;model_year;2020
1831;model;Platina
1810;kms_driven;14900
393;mileage;5.0
1394;location;ludhiana
3019;model;Classic
431;owner;first
2854;mileage;35.0
2756;power;14.3
2444;kms_driven;20000
2224;model;Renegade
4052;mileage;38.0
3622;kms_driven;24500
782;owner;first
1380;price;115000
2384;company;Yamaha
3642;model_year;2016
3209;model_year;2014
2244;owner;second
950;location;mumbai
3794;power;47.0
3582;model_year;2015
3572;company;KTM
4063;mileage;65.0
21;model_year;2018
1061;company;Royal-Enfield
2386;location;jaipur
1496;model;Classic
2042;price;625000
3480;power;13.0
2067;owner;first
1930;kms_driven;9700
497;price;118000
3721;mileage;57.0
244;owner;first
2856;location;indore
3942;owner;first
3831;mileage;75.0
2276;kms_driven;33000
3215;kms_driven;80000
2442;kms_driven;7000
787;kms_driven;20000
1708;price;380000
1936;kms_driven;2850
148;company;Royal-Enfield
388;kms_driven;24300
3752;location;mumbai
3306;model;Centuro
24;power;9.0
1610;model;Classic
361;kms_driven;20000
2156;model_year;2015
1014;mileage;42.0
3690;price;12500
741;mileage;35.0
1310;mileage;26.0
468;kms_driven;11500
1336;mileage;35.0
1225;price;28000
1910;company;Bajaj
3286;power;24.2
3789;model_year;2017
3068;model;Street
1246;model;Splendor
3460;model;RC
2613;model;Pulsar
3910;location;bangalore
3525;kms_driven;4900
2636;company;Royal-Enfield
1767;owner;first
399;company;Royal-Enfield
3525;location;mumbai
2674;owner;first
3020;location;indore
2396;owner;first
2503;price;57000
1065;model;V15
1229;model;Avenger
1959;model;Avenger
2654;power;20.0
722;price;34700
1962;mileage;25.0
896;mileage;57.0
101;model;Duke
1328;power;19.8
1268;price;45000
854;model;Classic
3763;company;Bajaj
1718;power;11.8
2088;location;hyderabad
1706;kms_driven;22000
615;power;19.8
2394;location;mumbai
3192;location;mumbai
2810;company;Hero
219;power;12.32
3025;model_year;2015
816;mileage;45.0
3480;kms_driven;10000
2996;model;V15
3677;model_year;2016
3951;company;Bajaj
3854;model_year;2014
3855;owner;first
1838;power;21.0
642;owner;first
3710;location;ahmedabad
254;price;120000
1730;kms_driven;10000
2493;power;19.8
2613;location;delhi
3417;model_year;2012
2805;model_year;2014
2699;model_year;2017
991;price;190000
2971;mileage;22.0
1513;price;34895
2749;owner;first
2019;location;faridabad
3560;mileage;32.0
151;company;Royal-Enfield
2408;owner;first
633;price;135000
3754;location;delhi
1227;model_year;2007
1200;power;25.0
939;model_year;2011
977;price;28500
3912;price;102000
712;location;patna
1964;company;KTM
2899;kms_driven;69787
930;kms_driven;23000
2144;model_year;2015
625;price;67000
3247;mileage;38.0
3427;mileage;19.0
3114;model;V15
3373;location;vadodara
2068;power;47.0
962;mileage;40.0
868;owner;first
3961;owner;first
1799;mileage;40.0
1321;price;91600
613;power;9.0
3024;kms_driven;10900
890;price;100000
1775;model_year;2018
2847;model_year;2019
1930;mileage;35.0
3127;owner;first
3295;model_year;2017
3010;owner;first
3880;owner;first
813;mileage;57.0
3026;model_year;2010
1335;model;Classic
2134;model_year;2015
1962;price;70440
2437;power;47.0
1353;power;19.8
2503;power;16.0
1027;company;KTM
838;mileage;32.0
2524;mileage;35.0
3183;power;19.8
3331;model_year;2011
2943;kms_driven;3500
878;power;19.8
327;model;Gixxer
1149;power;19.8
3068;mileage;20.0
3032;owner;first
3902;model;Pulsar
3505;kms_driven;3100
776;mileage;42.0
2397;model_year;2010
891;mileage;65.0
3196;owner;first
3812;model;Pulsar
3852;mileage;40.0
1257;mileage;40.0
1592;power;25.1
161;model_year;2017
3331;price;22000
1169;location;bangalore
1082;model;Classic
3005;mileage;40.0
657;location;bangalore
2408;price;24958
4033;mileage;65.0
3984;power;8.1
3543;kms_driven;18500
1306;model;Duke
2536;company;Royal-Enfield
3139;location;delhi
2785;price;160000
2847;company;Hero
4085;power;21.0
1639;owner;first
264;price;35000
377;model_year;2012
3595;model_year;2017
663;model_year;2020
2317;power;21.0
3708;kms_driven;12400
262;power;19.0
2087;power;13.0
1440;model_year;2012
2880;company;Royal-Enfield
2838;kms_driven;16500
3591;location;faridabad
2589;kms_driven;26850
1394;model_year;2014
602;owner;first
2849;owner;first
3321;company;Bajaj
1137;location;delhi
2464;kms_driven;4400
2929;location;gurgaon
137;company;KTM
1494;power;33.0
775;price;85000
1403;owner;first
3389;model_year;2014
1562;location;chandigarh
3150;model;Hunk
2909;owner;first
944;company;Royal-Enfield
1204;kms_driven;14250
3628;company;Royal-Enfield
2794;owner;first
2046;owner;first
2565;mileage;57.0
2175;kms_driven;45000
1384;kms_driven;22900
980;model_year;2019
3782;price;155000
532;model;Avenger
2275;location;delhi
2039;price;105000
341;power;19.8
565;price;171800
1327;power;24.5
1816;mileage;75.0
3928;location;delhi
2832;owner;first
642;location;delhi
1968;power;19.8
2291;power;21.0
3204;model_year;2011
2248;price;44000
115;kms_driven;8000
3553;power;12.32
2350;power;19.8
3787;location;chennai
1175;company;Royal-Enfield
1808;mileage;40.0
2867;model_year;2018
119;model_year;2019
1690;kms_driven;60000
399;model;Classic
3174;model_year;2015
120;owner;first
1342;location;hyderabad
95;kms_driven;16781
1934;power;19.8
3978;location;chennai
24;owner;first
1862;power;19.8
3760;price;125000
3113;model;CB
3669;company;Royal-Enfield
1074;model;Pulsar
4055;location;jaipur
729;owner;second
901;model;Thunderbird
1651;location;mumbai
2494;kms_driven;23000
3249;mileage;35.0
1689;power;11.0
1111;price;125000
1337;model_year;2019
3387;location;bangalore
372;company;Hero
3383;power;24.2
769;price;62000
890;mileage;52.0
3780;company;KTM
395;price;80000
620;company;Bajaj
889;location;jaipur
621;owner;second
4021;price;52000
4014;location;delhi
1691;kms_driven;24745
3187;mileage;38.0
2585;company;Royal-Enfield
204;owner;second
3160;mileage;45.0
2804;kms_driven;27836
2228;model_year;2016
2202;owner;first
319;power;21.0
753;model_year;2006
3399;power;24.5
1410;company;Hero
207;model;Avenger
3946;company;Royal-Enfield
3046;power;19.8
457;model_year;2015
1546;company;Royal-Enfield
3721;owner;first
3063;company;Royal-Enfield
2636;model;Classic
319;mileage;38.0
882;company;Bajaj
2027;mileage;35.0
3466;company;Bajaj
1597;mileage;32.0
2090;mileage;35.0
2868;owner;second
2226;power;14.0
3863;kms_driven;42452
3141;location;faridabad
2286;power;17.0
1156;kms_driven;37000
1192;owner;second
3552;mileage;35.0
2577;mileage;25.0
1164;power;65.0
1161;owner;first
2238;company;Yamaha
415;company;Royal-Enfield
3617;kms_driven;14000
8;kms_driven;26240
336;price;104600
1195;location;ludhiana
1256;kms_driven;24857
3697;price;109300
3017;kms_driven;12800
2812;owner;first
1941;kms_driven;8600
1384;company;Royal-Enfield
3764;model;Avenger
334;mileage;35.0
2213;model_year;2013
124;location;mumbai
2305;power;17.8
1853;location;bangalore
2743;kms_driven;21913
2377;company;Royal-Enfield
83;kms_driven;450
1359;company;Bajaj
659;model;Pulsar
714;mileage;35.0
3703;mileage;35.0
479;power;18.28
1900;company;Bajaj
168;kms_driven;35364
3678;company;Hero
3195;model;Street
796;model_year;2019
1623;mileage;40.0
3626;power;8.2
2897;owner;first
3458;power;24.5
1897;kms_driven;30000
174;mileage;63.0
3760;owner;first
3978;model_year;2009
2764;power;19.8
1805;location;mumbai
1892;model;Street
642;company;Royal-Enfield
859;company;Hero
3995;mileage;38.0
1547;kms_driven;3000
674;model_year;2018
1354;mileage;35.0
1956;model;Thunderbird
1472;company;Bajaj
1351;company;Hero
1080;price;94000
3399;location;lucknow
539;price;43500
684;model;YZF-R15
344;location;bangalore
952;power;27.2
2925;company;Harley-Davidson
3260;power;8.2
2641;price;130000
2934;model;RC
2498;power;24.8
3121;model_year;2014
2579;company;Royal-Enfield
1430;company;Royal-Enfield
3731;owner;third
689;model;GT250R
3966;mileage;63.0
2494;model_year;2013
3740;kms_driven;42
3057;mileage;32.0
2428;kms_driven;6500
3345;price;85000
840;location;bangalore
1100;model;Splendor
710;mileage;55.0
722;owner;first
4056;model_year;2012
2770;location;lucknow
3614;model;Passion
3195;owner;first
3919;location;delhi
2109;location;mumbai
1848;owner;first
3072;model;Pulsar
2918;kms_driven;28000
4031;model;Bullet
1000;model;YZF-R15
1711;owner;second
107;model;V12
3073;model;Classic
1744;kms_driven;3000
1933;company;Bajaj
2941;kms_driven;7900
597;kms_driven;33034
692;location;jaipur
421;kms_driven;16000
1532;price;210000
2106;owner;first
2054;mileage;63.0
2838;location;gurgaon
3224;kms_driven;52904
435;model;Bullet
4051;company;Suzuki
2729;owner;first
841;location;thane
2364;owner;first
2304;power;18.28
1944;price;145000
1717;kms_driven;14000
1128;mileage;65.0
104;model_year;2021
3899;mileage;35.0
3453;model_year;2015
454;model;Duke
1279;model;Classic
3639;power;9.3
1950;price;81100
235;model_year;2014
3244;model_year;2010
50;model_year;2016
3380;mileage;40.0
667;location;ahmedabad
4044;model;Bullet
2518;owner;first
3243;mileage;63.0
3097;location;noida
3549;location;rohtak
1626;location;mumbai
1475;kms_driven;10433
2513;model_year;2014
4050;mileage;81.0
1570;model;Ninja
3147;price;110000
404;company;Royal-Enfield
3089;owner;first
668;location;pune
3635;price;10000
676;company;Bajaj
2166;price;35000
1565;location;jalandhar
126;model_year;2011
3441;company;Harley-Davidson
2005;price;203921
1597;kms_driven;7900
727;owner;first
1591;kms_driven;33000
2653;price;80000
1249;company;Suzuki
2399;model;Classic
3553;kms_driven;31000
937;owner;first
872;company;KTM
1830;power;24.8
2655;mileage;40.0
3987;company;Suzuki
598;company;Bajaj
2856;power;18.28
3426;kms_driven;15000
1408;price;55250
1410;price;67000
3567;kms_driven;80000
3143;power;19.8
3679;power;8.2
1803;owner;third
2986;model;Pulsar
3922;kms_driven;4900
2868;location;bangalore
811;kms_driven;51000
3836;owner;first
483;model_year;2014
1629;company;Bajaj
3550;kms_driven;5000
3955;location;pune
1604;owner;first
3663;location;chandigarh
2301;owner;first
2783;model;Gixxer
704;mileage;65.0
2964;model;RC
929;location;bangalore
1317;location;ghaziabad
2710;kms_driven;40900
2817;model;Passion
1446;power;25.0
3507;model;Street
2577;location;mumbai
1975;company;Hero
979;mileage;32.0
2270;owner;second
281;mileage;52.0
2996;kms_driven;8564
1936;mileage;35.0
1823;model;FZ25
3565;mileage;42.0
3176;price;26365
2457;model;Thunderbird
2616;power;27.2
1082;model_year;2017
2496;price;38000
3344;kms_driven;15000
3563;power;25.1
3840;price;15000
886;model;Pulsar
513;mileage;35.0
3352;power;19.8
1938;kms_driven;68000
3615;owner;first
3384;location;bangalore
2790;model_year;2016
3649;mileage;25.0
862;kms_driven;6900
2420;model_year;2014
1938;model_year;2013
2380;location;chennai
76;location;delhi
1173;owner;third
3461;kms_driven;31651
2319;location;delhi
1404;owner;second
3584;model;Pulsar
1086;kms_driven;45000
2620;kms_driven;15000
3850;model;Passion
302;owner;first
3502;company;Harley-Davidson
2085;company;Royal-Enfield
2530;price;200000
1558;model;RC
2231;owner;first
823;model_year;2013
2283;owner;first
2288;mileage;45.0
12;power;19.8
1035;owner;first
1147;mileage;40.0
3009;price;28000
2546;model;FZ25
437;location;delhi
3550;model;Classic
2266;power;18.76
1105;power;127.0
1677;owner;first
4020;location;jaipur
40;owner;first
2900;price;31000
414;power;27.2
3419;location;ahmedabad
3139;owner;first
3981;company;Mahindra
4041;company;UM
688;price;125000
1446;kms_driven;13300
3253;mileage;40.0
3366;company;Bajaj
1529;model;RC
691;kms_driven;84000
3680;kms_driven;10009
3559;power;7.5
3856;owner;first
3226;power;11.8
1856;location;chennai
1539;company;Royal-Enfield
3889;company;Yamaha
293;kms_driven;25000
2901;kms_driven;8000
2300;company;Hero
906;model_year;2016
2943;price;220000
3248;owner;first
3944;model_year;2015
629;location;ghaziabad
3565;owner;first
3011;owner;first
317;model;Karizma
167;model;Super
347;mileage;40.0
1225;owner;first
1337;owner;first
542;power;11.8
1561;kms_driven;4000
1067;company;Harley-Davidson
1570;model_year;2019
129;owner;first
1468;kms_driven;3000
1867;mileage;35.0
1135;location;mumbai
3248;price;161100
644;model;Glamour
1013;price;35000
3075;company;UM
713;power;27.2
2865;company;TVS
218;location;pune
2563;mileage;25.0
2967;location;delhi
326;kms_driven;16950
619;price;52000
2777;mileage;48.0
2911;location;ahmednagar
2132;model_year;2019
247;power;24.2
3002;company;Hero
704;price;11500
147;price;35000
1361;price;62000
2025;mileage;26.0
2968;mileage;50.0
1347;power;18.28
618;owner;first
2660;mileage;25.0
479;kms_driven;37208
3006;price;98000
2169;power;8.2
3675;location;jaipur
2832;power;13.0
1508;company;KTM
2726;kms_driven;14000
125;model_year;2015
1731;company;KTM
1128;price;50000
3965;model;YZF-R15
432;price;38200
2116;model_year;2019
2680;owner;first
148;model;Electra
1863;model;Bullet
542;location;mumbai
745;price;78750
3102;company;Royal-Enfield
2080;power;19.0
315;mileage;35.0
1201;owner;second
4078;kms_driven;17999
1063;power;28.0
632;company;Bajaj
1605;price;15200
2901;company;Hero
1561;company;Royal-Enfield
2429;location;howrah
2343;mileage;40.0
160;price;149000
1620;mileage;25.0
145;mileage;40.0
3917;price;22000
3828;company;Royal-Enfield
286;location;delhi
793;power;19.8
967;location;delhi
969;location;pune
1476;model_year;2016
2067;company;Royal-Enfield
2797;location;hyderabad
1537;mileage;30.0
3137;kms_driven;6300
398;location;hyderabad
547;power;8.9
3182;company;KTM
1215;model_year;2017
1560;kms_driven;6000
2016;power;140.0
1726;model;Street
3643;model_year;2010
2897;mileage;35.0
2825;mileage;40.0
1514;price;110000
2036;mileage;35.0
3138;mileage;42.0
3420;power;8.2
1085;owner;second
1179;price;120000
1556;mileage;35.0
1060;model_year;2018
402;power;21.0
4009;model_year;2012
3069;mileage;35.0
2402;location;mumbai
1765;mileage;35.0
2336;location;pune
3698;location;jaipur
577;model_year;2014
2148;company;Royal-Enfield
1845;power;27.2
415;location;ghaziabad
3497;model;Street
830;kms_driven;18113
1905;company;Bajaj
1641;location;bangalore
1315;company;Bajaj
3535;model;Avenger
1996;price;160000
3897;location;chennai
389;model_year;2018
1211;model_year;2018
181;mileage;63.0
1378;price;110000
2753;owner;first
2284;kms_driven;26500
840;kms_driven;24000
2744;model_year;2016
2825;location;hyderabad
1814;mileage;57.0
1090;company;Suzuki
2504;company;Bajaj
1671;kms_driven;20000
364;price;14000
3767;owner;first
2268;location;agra
785;mileage;62.0
3416;location;kolkata
1638;model;Bullet
4005;price;16000
2680;price;65000
8;model_year;2016
652;company;Yamaha
210;location;rajkot
3932;owner;first
1603;kms_driven;6000
2775;mileage;35.0
2661;power;27.2
2523;model_year;2018
3389;model;Avenger
2997;model;Bullet
2139;price;596562
2746;price;89600
3354;company;TVS
2327;location;ahmedabad
287;model_year;2015
3901;power;14.3
1487;location;mumbai
867;power;19.8
1121;model;Avenger
250;owner;first
918;price;75900
310;kms_driven;42344
2138;model;TNT
1689;model;Ignitor
378;model_year;2018
1090;kms_driven;15600
3860;owner;first
1464;location;mumbai
1460;power;19.1
1111;location;mumbai
3371;owner;first
1158;company;Bajaj
2643;owner;first
3665;owner;first
3217;location;bangalore
2859;owner;third
2479;owner;first
1802;kms_driven;13700
1420;price;47000
1396;model_year;2014
217;kms_driven;28300
92;kms_driven;25000
4063;owner;first
370;price;22500
100;mileage;26.0
3768;mileage;42.0
695;price;65000
189;mileage;35.0
1322;location;faridabad
2322;kms_driven;18000
1314;model_year;2016
1678;price;85000
635;price;10000
767;price;112100
4045;owner;first
3738;location;delhi
804;model;FZs
2621;kms_driven;19286
2787;owner;first
1567;company;Bajaj
2021;location;mumbai
518;company;Royal-Enfield
553;model_year;2017
932;kms_driven;39000
3461;mileage;38.0
2680;model_year;2016
1799;price;48500
886;price;45000
2520;company;Royal-Enfield
3267;kms_driven;6635
943;power;24.6
2072;kms_driven;12000
2739;price;43000
749;model;Gixxer
1949;price;120000
3054;location;bangalore
3437;company;Hero
2031;owner;first
1801;owner;first
3179;power;19.8
566;model;Thunderbird
3170;mileage;5.0
3578;model;RC
1748;company;Hero
2517;model;V15
1366;model_year;2020
85;mileage;5.0
366;owner;first
367;kms_driven;29000
879;model;Bullet
169;mileage;35.0
101;power;25.0
2857;model_year;2007
2732;owner;first
273;price;60000
647;price;120000
800;location;delhi
610;kms_driven;9500
3685;mileage;25.0
2298;company;Kawasaki
2377;location;noida
583;model_year;2015
3456;location;ahmedabad
1797;price;86200
694;model_year;2019
2754;model_year;2019
2707;mileage;5.0
1156;mileage;75.0
1733;location;ghaziabad
639;mileage;40.0
1004;model_year;2018
3747;price;157800
2640;owner;first
2860;model_year;2015
1208;mileage;35.0
1744;power;24.6
2371;model_year;2009
2239;company;Royal-Enfield
1566;kms_driven;24000
2227;model;Pulsar
64;power;13.0
1983;model_year;2015
2871;company;Royal-Enfield
3238;price;40000
1770;model_year;2017
246;model_year;2018
2995;owner;first
3455;owner;first
537;model_year;2020
4000;model;Pulsar
712;kms_driven;30000
2622;model;Karizma
2791;company;Bajaj
1853;owner;first
697;owner;first
4090;power;8.2
650;owner;fourth
684;owner;first
3493;power;19.8
2936;model_year;2009
1712;owner;first
3220;model;Duke
3978;owner;first
1799;company;Bajaj
2250;company;Bajaj
2909;model;Street
660;model;Classic
52;company;Royal-Enfield
320;power;19.8
3472;model_year;2009
2361;model_year;2016
1761;mileage;63.0
3996;location;faridabad
2545;kms_driven;23500
1464;power;50.0
1993;owner;first
1689;price;55000
534;model;Gixxer
4036;mileage;45.0
2519;mileage;50.0
3957;model_year;2014
1554;model_year;2010
3926;model;Discover
1315;model_year;2014
2815;price;120000
2082;model;Avenger
883;model_year;2018
2080;kms_driven;19000
2444;power;19.8
2893;model;YZF-R15
3873;price;47000
2263;location;pune
2246;price;102075
1489;location;vadodara
1568;price;36300
3199;owner;second
930;owner;first
3647;company;Bajaj
3640;owner;first
184;model;Classic
379;mileage;43.0
3443;kms_driven;20000
1334;owner;first
4037;company;Hero
3902;kms_driven;29000
474;model_year;2018
2906;kms_driven;13268
3844;owner;second
3260;mileage;85.0
476;owner;first
3239;price;125000
3248;kms_driven;16000
2188;location;mumbai
1992;power;9.3
2583;company;Royal-Enfield
3985;kms_driven;18020
3604;power;14.3
1304;mileage;20.0
2265;model;Thunderbird
2071;company;Royal-Enfield
161;kms_driven;16000
2126;model_year;2016
829;price;54998
3673;location;ambala
1817;price;28500
567;model;Duke
3756;kms_driven;12500
3549;power;19.8
3694;company;Royal-Enfield
1025;mileage;46.4
2142;mileage;35.0
2420;company;Royal-Enfield
1052;location;delhi
3184;model;Classic
2048;power;13.0
4080;model;Splendor
1888;kms_driven;8450
1277;mileage;40.0
3655;location;gurgaon
2762;owner;second
3141;kms_driven;23000
3005;model;Avenger
2622;owner;first
683;owner;first
2313;power;7.4
2398;location;jaipur
3811;model_year;2013
3803;mileage;35.0
2510;location;vadodara
403;location;delhi
2533;model_year;2008
1017;company;Hero
3365;price;70000
2403;mileage;45.0
3061;location;bangalore
1992;model_year;2016
1389;price;100000
161;model;Splendor
3871;model;Himalayan
1258;price;112000
611;price;56213
1367;power;8.2
2403;power;13.0
1134;model_year;2020
2592;kms_driven;53000
764;kms_driven;18000
2423;model;Passion
1455;kms_driven;10283
3757;company;Honda
3955;price;42100
4092;power;12.32
4045;model_year;2010
4005;power;8.2
3054;power;25.1
260;power;27.2
1550;location;ahmedabad
1002;kms_driven;5900
3927;mileage;40.0
1133;model;Duke
1742;model_year;2009
2701;company;Bajaj
2401;kms_driven;42000
1714;kms_driven;22000
1157;company;Hero
1192;location;delhi
3094;power;21.0
541;company;Royal-Enfield
391;price;172000
3723;price;85500
3127;model_year;2017
1268;power;8.1
758;model;Duke
3667;owner;first
2846;mileage;60.0
335;model_year;2018
667;owner;first
3478;company;Bajaj
2260;power;42.9
1297;kms_driven;4700
3009;model_year;2008
1170;mileage;50.0
282;location;jaipur
2972;company;Royal-Enfield
2903;mileage;72.0
1639;location;kolkata
2207;mileage;55.0
1430;owner;first
3246;power;14.6
872;kms_driven;18000
997;model_year;2017
3072;company;Bajaj
418;model_year;2019
3249;power;24.8
1106;price;125000
1617;model;Hunk
54;model_year;2012
1692;kms_driven;11362
2307;location;delhi
1800;location;mumbai
2774;mileage;35.0
383;mileage;35.0
1920;model_year;2019
2760;model;Duke
662;mileage;62.0
1879;owner;first
2496;mileage;40.0
2956;model;Renegade
2003;kms_driven;33500
1143;price;33200
690;kms_driven;89000
3509;owner;first
2007;model_year;2011
4052;price;40000
2637;company;Bajaj
677;power;25.1
4064;price;68000
2380;owner;first
2558;kms_driven;94000
3856;mileage;35.0
408;kms_driven;9000
1778;company;Royal-Enfield
1331;mileage;40.0
995;company;Royal-Enfield
3551;power;19.8
3706;price;60000
972;power;8.2
1871;model;Karizma
1624;mileage;42.0
2690;kms_driven;32542
1600;power;44.0
705;power;16.0
3980;mileage;35.0
4049;kms_driven;8048
4019;location;chennai
1658;mileage;67.0
3605;owner;first
2473;mileage;35.0
614;mileage;38.0
773;location;jaipur
724;company;Royal-Enfield
901;price;101596
1046;owner;first
1424;price;16000
516;power;13.0
3449;location;faridabad
3827;model_year;2015
211;model;Pulsar
3767;company;Royal-Enfield
1166;model;Gixxer
4084;power;8.2
3140;owner;first
1307;owner;first
287;price;88000
3301;company;Suzuki
1347;owner;first
2872;kms_driven;20000
3998;location;ahmedabad
2646;kms_driven;38000
1830;company;UM
2870;model_year;2016
3579;power;24.5
40;company;Yamaha
2038;kms_driven;15000
2525;owner;first
1388;model_year;2013
3754;owner;first
390;kms_driven;9000
2442;model;Classic
1729;kms_driven;17000
2847;mileage;65.0
220;model_year;2018
1666;location;mumbai
599;model;FZS
1104;price;295000
1131;model_year;2016
218;owner;first
1044;model_year;2013
3834;location;delhi
2488;price;120000
1384;location;ranchi
2491;location;mumbai
609;model;Super
3413;price;33000
478;model;Pulsar
91;power;21.0
893;mileage;5.0
4004;owner;first
340;model;Classic
146;mileage;35.0
986;price;21700
693;kms_driven;89000
2620;mileage;25.0
339;location;delhi
3975;company;TVS
1366;price;185000
928;model_year;2020
3598;model_year;2017
895;owner;first
3889;power;13.0
3557;price;35000
2396;price;41000
3234;company;UM
3041;price;50000
521;mileage;35.0
276;model_year;2017
1293;company;Bajaj
1726;power;47.0
1442;model;Xtreme
2888;kms_driven;8500
3629;model;Discover
400;mileage;48.0
1201;price;33000
3633;price;45000
3704;mileage;35.0
776;model_year;2012
652;owner;first
3137;model_year;2018
2693;model_year;2014
2092;company;Royal-Enfield
1290;model;Avenger
2920;location;pune
1378;company;Royal-Enfield
330;owner;first
3982;model;Pulsar
51;price;114125
932;price;50000
2826;location;lucknow
3595;price;51000
1200;company;UM
1134;location;kolkata
740;mileage;32.0
2338;power;16.0
3603;mileage;40.0
425;location;delhi
605;owner;first
1877;owner;first
2644;model_year;2017
3815;price;198200
2048;mileage;45.0
605;company;Hero
1664;power;13.8
1623;price;16130
931;kms_driven;31000
793;price;145000
2339;price;95000
1558;kms_driven;6000
3650;location;delhi
3420;price;57500
2372;location;pune
3671;location;delhi
1792;power;12.92
1521;location;thane
3820;company;Hero
2279;location;thane
2615;power;27.2
3748;location;chennai
2191;owner;first
2961;model;Avenger
52;price;165000
579;owner;first
2084;price;55000
3402;kms_driven;36000
2846;company;Mahindra
1739;owner;first
286;owner;first
3931;owner;first
2789;company;Hero
2916;company;Royal-Enfield
3018;price;160000
2058;kms_driven;13000
2842;model;CT
3960;model;Avenger
2323;power;19.8
1518;price;125000
2407;power;111.0
3840;power;15.0
302;model_year;2019
1177;mileage;55.0
3609;owner;first
1658;kms_driven;29065
3216;model;CB
3454;owner;first
3;kms_driven;14795
583;mileage;32.0
1310;kms_driven;10000
297;company;Royal-Enfield
725;owner;first
411;model_year;2015
2600;owner;first
3977;company;Bajaj
3640;power;74.0
2972;mileage;32.0
1047;location;kolkata
104;kms_driven;3500
3729;location;ghaziabad
568;location;chennai
198;model;Electra
3010;price;55346
2828;company;Hero
1358;mileage;57.0
709;mileage;35.0
3828;kms_driven;21000
3132;kms_driven;19000
1316;model_year;2018
2176;model_year;2018
689;company;Hyosung
2007;company;Bajaj
2777;model;Karizma
2589;power;19.8
2505;model_year;2016
675;model_year;2018
3882;owner;first
382;company;Royal-Enfield
3058;kms_driven;7040
1847;model;Xtreme
3588;company;UM
1519;location;vadodara
1997;kms_driven;7000
3897;owner;first
4029;kms_driven;3000
483;owner;first
3091;price;40000
2669;power;19.8
4049;model_year;2018
1198;location;bangalore
2420;owner;first
3937;location;faridabad
3053;model;Avenger
3990;owner;first
942;mileage;25.0
3772;price;130000
2735;location;mumbai
2308;location;surat
175;mileage;65.0
2195;owner;second
2017;mileage;35.0
3474;model_year;2017
3127;mileage;35.0
705;price;77400
1266;company;Harley-Davidson
2410;power;19.8
1968;company;Royal-Enfield
1760;kms_driven;11000
69;model_year;2018
3216;location;gurgaon
1136;price;65000
4089;price;20000
612;location;bangalore
3391;model_year;2015
1513;owner;first
2853;owner;first
2844;power;8.1
3841;company;KTM
917;location;ahmedabad
2802;owner;first
1857;kms_driven;8000
4007;location;chennai
1703;model;TNT
2378;model;Splendor
1763;price;50000
1278;owner;first
1928;location;ahmedabad
3108;owner;second
3432;mileage;35.0
3262;model;Ignitor
34;model;Thunderbird
2628;power;16.7
816;company;Bajaj
2307;power;14.3
1790;model_year;2016
1787;mileage;25.0
2759;price;105000
2690;power;16.0
1811;mileage;35.0
2429;mileage;42.0
2968;kms_driven;7054
729;company;KTM
3715;power;42.3
1820;company;Royal-Enfield
2587;company;Hero
3099;mileage;35.0
3278;kms_driven;7500
1729;model;V15
2467;price;22000
643;owner;first
3893;price;18000
2147;company;Suzuki
1941;power;19.8
4054;company;Bajaj
2970;company;Bajaj
2014;location;faridabad
3754;power;13.0
1612;kms_driven;14500
530;owner;first
294;kms_driven;35000
949;power;8.2
62;price;207500
1170;model;Avenger
3100;model;Renegade
758;owner;first
2082;mileage;53.0
234;price;55000
1460;kms_driven;2800
656;model;Pulsar
49;location;bangalore
439;location;delhi
2141;power;82.7
1461;location;mumbai
3091;location;dehradun
2358;model;Glamour
3431;location;jaipur
1644;location;chennai
2887;owner;second
1398;model;CBR
1251;price;29500
425;price;60000
1507;model_year;2020
2317;model_year;2017
2221;model;FZs
1665;company;Royal-Enfield
1491;price;125000
1775;owner;first
1606;power;16.7
2923;company;Harley-Davidson
1394;model;YZF-R15
492;model;Classic
1970;mileage;40.0
145;power;19.8
2312;owner;second
3544;mileage;53.0
1804;company;Royal-Enfield
2913;company;Benelli
2046;company;Yamaha
3275;mileage;35.0
3080;location;tiruvallur
1079;kms_driven;48000
3668;model_year;2004
1423;location;mumbai
72;mileage;55.0
849;model_year;2017
2608;model_year;2015
1999;company;Bajaj
561;model_year;2018
1432;owner;first
3719;power;7.5
592;mileage;42.0
3074;owner;first
2992;power;9.0
1447;owner;first
206;model;Classic
82;model;Himalayan
509;model_year;2011
364;mileage;45.0
631;power;14.0
2299;company;Honda
3326;company;Royal-Enfield
3185;model_year;2012
402;model_year;2013
699;model;Thunderbird
278;model_year;2015
302;price;190000
3481;owner;first
490;power;20.0
2638;model_year;2013
1602;owner;first
1463;kms_driven;9000
3741;power;19.0
2642;location;patna
3276;company;Royal-Enfield
68;kms_driven;65000
411;location;bangalore
1472;mileage;40.0
1705;price;190000
1874;owner;first
711;company;Mahindra
1668;model;Glamour
518;kms_driven;11000
2682;price;160000
57;price;30000
49;model;Classic
1352;price;95000
155;location;delhi
1847;power;18.1
284;model;Splendor
2286;price;42000
1163;mileage;20.0
2026;price;77200
2042;company;Harley-Davidson
3843;location;jaipur
1434;company;Royal-Enfield
1179;kms_driven;15000
3291;location;mumbai
371;owner;first
208;owner;first
1442;model_year;2020
2390;location;chandigarh
1758;location;pune
689;location;bangalore
1680;power;19.0
1624;owner;second
2485;owner;first
1346;kms_driven;25000
3306;power;8.5
2361;model;Passion
3394;kms_driven;37000
2359;price;69000
3332;model_year;2016
3436;mileage;35.0
3625;model;Street
1780;model;Splendor
3425;model_year;2015
165;owner;first
4019;company;Hero
200;mileage;35.0
3837;model_year;2017
2193;model_year;2009
1318;location;delhi
2920;owner;first
1021;model;FZs
2556;company;Royal-Enfield
77;power;8.2
3364;location;gurgaon
478;model_year;2011
608;price;22000
3691;price;190000
3168;model_year;2016
685;model;Thunderbird
259;price;123000
3900;power;14.3
1322;company;Royal-Enfield
476;model;CB
3839;power;27.2
2950;owner;first
3562;model;CD
1703;power;119.37
1905;power;14.3
2727;power;19.8
1545;owner;first
1143;model_year;2013
823;model;Passion
3694;kms_driven;35006
1687;owner;first
2768;kms_driven;29324
430;company;Bajaj
2258;location;mumbai
2327;model;FZs
3546;company;Royal-Enfield
2015;model_year;2014
411;power;8.2
920;price;125000
428;mileage;38.5
3913;company;Royal-Enfield
591;owner;first
1844;owner;first
3455;power;50.0
2347;company;Hero
3862;kms_driven;17000
4092;location;chennai
2568;model_year;2017
2068;owner;first
190;company;Royal-Enfield
2506;model_year;2014
2006;mileage;20.0
896;kms_driven;17000
2978;model_year;2016
473;price;175000
929;power;27.2
666;company;Hero
1331;price;40000
1923;kms_driven;30000
1303;power;14.0
4066;location;jaipur
1278;power;67.2
2616;company;Royal-Enfield
2457;model_year;2012
2784;mileage;40.0
583;location;rohtak
430;power;11.64
3378;model_year;2015
1455;mileage;42.5
1084;model;Passion
2980;location;jaipur
3668;price;14000
1672;power;27.2
2910;model_year;2017
749;company;Suzuki
1674;model_year;2019
331;company;Royal-Enfield
1031;power;24.8
627;kms_driven;12036
705;model_year;2018
3104;price;63000
457;kms_driven;39985
2095;power;14.0
2300;mileage;50.0
405;company;Royal-Enfield
2920;model;V15
3312;mileage;42.0
1569;power;24.5
1952;power;19.8
1420;model_year;2017
644;company;Hero
1664;model_year;2015
665;model;V15
2251;kms_driven;10000
1320;model;Avenger
1239;model_year;2008
1348;power;18.28
4041;model_year;2018
1768;power;19.8
2883;kms_driven;5300
4001;price;75000
629;price;96000
310;company;Hero
1852;kms_driven;15000
1364;kms_driven;14999
874;price;93000
3482;model;Duke
2569;power;19.8
3066;company;Bajaj
106;model;CT
449;price;155000
1394;price;65000
1942;location;delhi
328;price;30000
225;company;UM
2595;location;bangalore
576;kms_driven;15500
1132;model_year;2014
574;company;Royal-Enfield
3253;kms_driven;20000
3029;mileage;35.0
1485;location;bangalore
2676;location;delhi
2741;mileage;32.0
2240;power;19.1
1556;model_year;2019
1121;owner;first
1643;location;ludhiana
1771;kms_driven;24000
1528;power;24.5
2694;power;24.6
115;owner;first
1654;kms_driven;13320
2195;mileage;40.0
2633;kms_driven;26000
892;model;Passion
3955;owner;first
2663;model_year;2015
1849;model;Splendor
562;location;delhi
2498;location;delhi
3105;model_year;2020
1197;power;8.2
2824;model_year;2011
2014;price;17600
852;power;19.0
2094;company;Honda
765;company;Royal-Enfield
2600;model_year;2017
2271;model_year;2006
1913;model;CB
907;model;Renegade
3300;company;Honda
2391;model_year;2010
2335;kms_driven;17926
680;location;delhi
2342;power;25.0
464;location;ranchi
713;price;118200
324;mileage;65.0
3244;power;13.8
968;location;thane
2237;owner;fourth
3396;kms_driven;31000
3324;mileage;40.0
1954;kms_driven;13300
3324;model_year;2014
3111;owner;first
1304;power;47.0
1684;model_year;2018
954;price;105000
2660;model;Thunderbird
3668;mileage;55.0
2757;kms_driven;3121
3275;company;Royal-Enfield
1978;kms_driven;25555
2719;power;19.0
2703;kms_driven;28755
1371;kms_driven;2200
2568;owner;first
1821;price;41000
1389;company;Royal-Enfield
1323;price;184100
3640;mileage;16.0
3653;owner;first
3544;kms_driven;5399
805;mileage;81.0
3397;location;thane
3862;owner;first
3146;mileage;35.0
863;company;Yamaha
2616;model_year;2015
3413;model_year;2018
1249;model;Gixxer
876;company;KTM
3737;model;Thunderbird
3084;power;13.0
1002;mileage;38.0
774;mileage;35.0
634;owner;first
2306;location;patna
2616;mileage;32.0
2711;power;14.0
13;owner;first
1116;kms_driven;123
2705;company;Bajaj
357;model;Thunderbird
1626;mileage;35.0
1155;power;65.0
669;power;11.64
4078;mileage;55.0
3698;kms_driven;51791
1266;mileage;20.0
42;location;chittorgarh
2819;price;66000
3970;location;jaipur
1224;location;delhi
1875;model_year;2018
717;price;22000
1746;power;15.0
1232;owner;first
1143;owner;first
3522;price;150000
3516;mileage;19.0
3971;price;34000
200;location;chandigarh
665;company;Bajaj
3361;owner;first
743;mileage;63.0
2196;company;KTM
3062;mileage;35.0
1759;price;257000
323;kms_driven;16000
3403;kms_driven;30000
2985;mileage;64.0
3789;owner;first
2751;kms_driven;25000
1116;company;Hero
1201;kms_driven;17200
1498;model;V15
765;owner;first
1581;model;Thunderbird
639;price;70000
2157;mileage;40.0
3153;model_year;2018
3368;owner;first
3411;company;Kawasaki
3291;mileage;40.0
80;owner;second
1162;kms_driven;21900
364;owner;first
94;power;19.8
1415;price;36000
2524;owner;second
4043;model;CD
311;owner;first
2519;location;ghaziabad
1818;model_year;2016
971;location;bangalore
3258;model;RC
6;mileage;25.0
3067;model;Ninja
1508;power;24.6
2926;owner;first
2251;model;Xtreme
2149;model_year;2018
1092;mileage;22.0
2253;model_year;2015
1021;company;Yamaha
3796;power;19.8
879;location;delhi
199;model;Gixxer
3743;location;ahmedabad
3878;model;Duke
3362;location;chennai
2614;kms_driven;15000
3102;owner;first
548;model_year;2017
404;kms_driven;16000
3118;model_year;2018
3085;power;47.0
2861;price;35242
2828;model_year;2016
1900;kms_driven;24000
2735;owner;first
3247;owner;first
1987;owner;first
1068;mileage;84.0
462;power;24.6
924;owner;first
730;power;21.0
1661;model_year;2014
3955;model;YZF-R15
1339;owner;first
580;model_year;2019
3417;owner;first
1980;location;bangalore
2001;company;Hero
753;mileage;40.0
3338;model;Classic
1172;company;Royal-Enfield
3363;owner;first
2266;price;140700
163;location;bangalore
1497;model_year;2019
234;model;Avenger
1885;model_year;2017
3353;power;44.0
3970;mileage;45.0
158;model;Passion
2793;company;Kawasaki
1725;model;Street
3713;owner;first
4038;company;Hero
2936;price;55000
1605;model_year;2009
1188;company;Royal-Enfield
2751;model_year;2017
3889;mileage;45.0
737;location;ludhiana
4004;location;delhi
2153;mileage;42.0
3400;kms_driven;49000
1727;power;8.2
620;power;15.0
231;location;ambala
636;model_year;2017
2450;price;65000
2147;kms_driven;14000
3789;kms_driven;18095
4063;price;24500
2057;kms_driven;10000
1456;power;42.3
3409;owner;first
1060;power;67.2
232;owner;first
2306;company;Royal-Enfield
3964;company;Hero
2264;owner;first
3071;kms_driven;37000
981;mileage;35.0
10;location;delhi
816;location;bangalore
575;price;22950
479;price;49000
492;owner;second
2307;owner;first
456;model_year;2013
3656;power;27.2
842;model_year;2004
1117;power;19.8
1707;model_year;2017
2481;power;14.0
1393;mileage;32.0
2486;owner;first
2121;model;Star
4084;owner;first
1591;owner;first
2999;company;Bajaj
4069;company;Hero
3744;company;Hyosung
1594;kms_driven;25000
894;price;47200
4079;company;Honda
2919;owner;first
2307;company;Bajaj
709;model;Duke
3174;model;Bullet
464;kms_driven;38000
2573;mileage;45.0
2692;model_year;2013
1712;model_year;2016
374;kms_driven;78000
783;mileage;42.0
1023;model;Pulsar
3246;owner;first
1905;mileage;50.0
1122;mileage;35.0
3734;price;48500
1577;price;255000
525;power;19.8
1521;power;19.8
1779;model;Classic
2864;model_year;2014
3774;model;FZ25
2661;kms_driven;6900
742;mileage;81.0
2864;price;35000
801;company;Hero
3804;location;bangalore
1652;power;26.45
1825;kms_driven;14250
2977;owner;first
837;model_year;2013
3414;price;185000
659;mileage;38.0
2174;location;delhi
2698;power;26.1
2466;kms_driven;2600
2366;model_year;2017
1923;company;Hero
2393;model_year;2015
2060;price;63700
865;mileage;32.0
676;power;11.8
1897;model_year;2013
163;model_year;2016
1444;model_year;2015
1851;price;108000
3812;model_year;2011
558;price;92500
2699;model;Pulsar
728;company;Bajaj
1470;power;24.2
1901;location;pune
1265;price;48300
1523;model;Fat
149;mileage;45.0
680;model_year;2018
4055;owner;first
2470;kms_driven;700
3689;power;24.8
37;power;21.0
2483;kms_driven;18580
4008;company;Royal-Enfield
3017;mileage;32.0
1895;price;89900
2984;kms_driven;60000
2635;owner;first
640;model;Pulsar
445;model;Pulsar
1345;company;Royal-Enfield
2119;model;Himalayan
1314;model;Street
3904;model_year;2017
2129;owner;first
4064;kms_driven;5800
1409;location;gurgaon
3608;owner;first
1847;price;86600
1515;power;39.0
1085;model_year;2013
2106;power;24.6
3396;price;39000
887;location;mumbai
2282;owner;first
1611;owner;first
3104;company;Hero
2394;power;19.8
2672;kms_driven;13000
2273;company;Hero
1925;model;Duke
3825;kms_driven;21000
2045;power;19.8
2957;company;Suzuki
1602;model_year;2018
159;kms_driven;14500
2938;model;RC
4032;location;faridabad
226;price;78000
1749;model;Pulsar
2478;owner;first
1304;kms_driven;5900
1344;kms_driven;1800
3334;owner;first
4058;price;16000
2954;kms_driven;5500
2591;kms_driven;9365
1815;model_year;2005
3477;company;Bajaj
2064;power;8.2
2377;price;108000
1776;model_year;2016
1087;mileage;38.0
1759;owner;first
998;location;kolkata
3298;kms_driven;14000
4094;model_year;2004
1918;location;ghaziabad
1557;power;42.3
561;owner;first
1010;owner;first
3624;power;19.8
638;mileage;62.0
2133;company;UM
826;model;Passion
4003;model;Bullet
2878;power;8.2
98;price;170000
626;mileage;43.0
1946;location;delhi
3598;mileage;53.0
3248;power;25.0
129;location;mumbai
3476;mileage;37.0
853;owner;first
1770;owner;second
3830;mileage;25.0
3288;mileage;45.0
1457;kms_driven;9000
3310;model_year;2014
26;mileage;38.0
1541;price;105000
2455;model_year;2014
3872;model;Xtreme
1994;mileage;55.0
360;price;210000
3778;location;mumbai
2608;location;ahmedabad
2916;price;89000
1414;kms_driven;30000
1902;company;Yamaha
4059;mileage;5.0
3374;model_year;2010
2719;price;45000
1617;location;bhubaneshwar
1287;location;delhi
3897;mileage;55.0
3158;company;Royal-Enfield
2831;power;8.2
1911;owner;first
1720;owner;first
2655;model;Thunderbird
1166;power;14.6
1519;mileage;55.0
717;model_year;2012
1416;company;Bajaj
1255;model_year;2015
3358;location;delhi
2897;price;93000
1699;model;Classic
3191;owner;first
2069;company;Bajaj
789;kms_driven;30768
3777;kms_driven;22805
1374;mileage;35.0
2719;mileage;40.0
2508;model;V15
2523;company;Royal-Enfield
2297;owner;first
1950;power;19.8
533;mileage;35.0
4007;mileage;40.0
3788;kms_driven;63000
3959;owner;first
1481;company;Hero
2366;mileage;65.0
1567;owner;first
3255;owner;first
3475;kms_driven;14000
1441;model;Xtreme
2554;model;Discover
471;mileage;35.0
2604;model_year;2020
3687;model_year;2008
759;mileage;35.0
1940;model_year;2014
656;company;Bajaj
2395;kms_driven;11000
3154;model_year;2004
3086;owner;second
835;location;thane
3505;location;mumbai
3818;owner;second
3130;kms_driven;49216
520;company;Bajaj
3618;owner;third
3719;location;ghaziabad
3243;company;Suzuki
1724;model_year;2018
2591;mileage;35.0
1666;power;54.2
999;power;19.8
3206;owner;first
3509;kms_driven;7500
4054;model_year;2010
655;model;Pulsar
217;mileage;40.0
592;company;Yamaha
539;model;YZF-R15
1628;kms_driven;50000
1184;model_year;2017
286;company;Royal-Enfield
2584;price;150000
2350;model_year;2016
1833;company;Bajaj
1886;model_year;2017
3895;location;delhi
3213;kms_driven;51000
426;price;50400
2791;model;Pulsar
1922;power;74.0
3880;price;23000
3811;company;Royal-Enfield
1717;company;Hero
1935;model;Classic
3654;location;delhi
3075;mileage;35.0
112;company;Bajaj
2124;mileage;18.0
3839;owner;first
1399;model;Super
4043;price;33000
519;model;Classic
1949;kms_driven;8000
825;model;Passion
1644;model;YZF-R15
3415;model_year;2014
3105;company;Hero
3200;power;24.5
3471;location;delhi
3808;model;Thunderbird
2652;model_year;2018
2893;mileage;42.0
3090;company;Suzuki
456;kms_driven;25000
511;mileage;62.0
460;owner;first
3516;model_year;2019
1013;company;Hero
2559;mileage;25.0
1590;kms_driven;41000
3195;company;Harley-Davidson
1234;power;25.0
1065;company;Bajaj
1388;location;pune
142;power;19.8
558;model_year;2016
897;kms_driven;2500
4066;price;29300
2;company;Royal-Enfield
2853;location;pune
3027;model_year;2017
1908;owner;second
1716;company;Hero
82;mileage;32.0
619;kms_driven;51000
2970;model;Avenger
8;owner;first
514;owner;first
3442;model;Splendor
1869;kms_driven;23159
2093;location;ahmedabad
3349;model_year;2014
1049;price;56600
2938;location;delhi
3051;location;mumbai
3650;price;85000
690;price;29000
438;power;7.5
558;mileage;40.0
555;mileage;81.0
2980;model_year;2018
2639;owner;first
3376;owner;first
2078;company;Royal-Enfield
1483;power;26.21
2743;power;47.0
2109;company;Royal-Enfield
2145;company;Bajaj
1089;power;50.0
2935;model;Discover
2977;model;Passion
3257;model;Bullet
2313;kms_driven;36000
2932;model_year;2019
2651;mileage;20.0
2523;location;ahmedabad
2390;model_year;2016
316;owner;first
2213;owner;first
2929;price;425000
2909;model_year;2015
2714;company;Royal-Enfield
2353;owner;first
3729;price;10500
3082;model;Avenger
2515;model_year;2018
3685;company;Royal-Enfield
2086;mileage;35.0
2114;mileage;35.0
2986;location;bangalore
1093;model;Classic
815;model_year;2018
2369;price;51300
3720;location;ghaziabad
1262;model;Gixxer
2363;location;thane
53;price;42000
1904;power;18.28
1067;mileage;20.0
1050;price;136300
1393;owner;first
1649;mileage;63.0
1251;model;Passion
3371;model;Pulsar
2631;kms_driven;10000
3848;power;19.0
3526;location;gurgaon
3950;mileage;55.0
3193;model_year;2015
668;model_year;2015
2588;owner;first
3647;location;bangalore
2873;company;Hero
1329;company;KTM
3266;mileage;65.0
2571;price;52000
4095;price;107000
7;model_year;2018
1443;owner;first
2890;model;V15
3524;kms_driven;28000
3863;mileage;40.0
1754;power;29.1
614;model;Pulsar
1735;owner;first
1624;price;64000
1135;model;Street
1915;mileage;35.0
1757;model_year;2017
410;kms_driven;19526
1552;model;FZs
3916;kms_driven;40000
346;model;Gixxer
148;power;19.8
3921;location;delhi
1406;power;24.6
1358;company;Bajaj
3403;location;chennai
1144;location;bangalore
475;location;mumbai
2741;company;Royal-Enfield
4065;company;Hero
3830;owner;first
3864;model;Pulsar
347;location;mumbai
57;company;Hero
3406;model;TNT
1425;model;RC
3701;power;26.82
463;mileage;55.0
3539;owner;first
1317;mileage;50.0
395;power;19.8
1990;mileage;43.0
380;model_year;2014
1419;company;Hero
963;mileage;26.0
13;model_year;2018
400;kms_driven;46000
3945;kms_driven;8100
4037;location;delhi
2827;kms_driven;18166
2634;model;Passion
2921;owner;first
1373;mileage;32.0
2097;model;Classic
788;owner;first
1956;company;Royal-Enfield
112;model;Avenger
3050;price;85000
809;mileage;35.0
3116;power;12.32
2481;kms_driven;24950
1965;model;Avenger
3659;model_year;2004
162;price;55000
2280;owner;second
2425;kms_driven;35000
3483;price;141400
2501;model;Renegade
2825;model;Karizma
2441;mileage;35.0
1324;model_year;2016
3864;location;thane
1064;model_year;2016
2743;company;Harley-Davidson
754;owner;first
2263;power;21.0
1032;model_year;2018
1193;owner;first
3150;location;gurgaon
2538;model_year;2015
1765;model;RC
3595;mileage;57.0
1234;mileage;35.0
3163;location;navi mumbai
2203;location;ahmedabad
1983;power;27.2
1697;owner;first
2093;owner;first
2143;model_year;2020
2798;company;Hero
2998;owner;first
1381;company;Royal-Enfield
735;mileage;25.0
3610;owner;first
3643;model;Bullet
1863;model_year;2005
37;kms_driven;20864
747;model;Pulsar
3669;power;19.8
3280;model;Avenger
2507;kms_driven;27000
2790;mileage;53.0
3495;mileage;20.0
1276;model_year;2015
2788;owner;second
3687;mileage;55.0
3683;kms_driven;26739
2393;owner;first
3686;power;25.0
2100;mileage;25.0
2874;mileage;57.0
1987;model;Hunk
553;mileage;35.0
1449;power;19.8
932;model;Karizma
3122;location;jaipur
1127;model_year;2006
3603;location;thane
1664;mileage;65.0
30;company;Hero
2484;location;gurgaon
2705;owner;first
2615;kms_driven;25000
3138;power;16.0
1159;location;patna
2869;location;pune
99;company;Royal-Enfield
81;model;Classic
2405;mileage;25.0
3622;model;Bullet
3592;power;14.0
3944;location;delhi
1906;location;pune
2516;model;Pulsar
3179;model_year;2017
1391;company;Hero
2042;model_year;2015
2872;owner;first
1222;power;19.8
53;model;YZF-R15
3469;owner;second
1495;company;Bajaj
3800;price;42000
904;power;18.1
3871;location;patna
3869;mileage;42.0
340;location;rajkot
670;owner;first
778;model_year;2020
1736;model;Classic
2575;model;FZ25
1243;model;Passion
2661;mileage;25.0
3361;location;mumbai
1052;model_year;2016
2000;kms_driven;52000
1524;power;14.6
562;mileage;35.0
538;model_year;2018
1635;kms_driven;50000
1194;mileage;42.5
766;model;Platina
4011;location;gurgaon
2601;model_year;2010
1964;power;42.9
2513;company;Harley-Davidson
948;model_year;2017
2896;mileage;42.0
1523;location;gurgaon
3233;model_year;2014
2846;model;Centuro
2859;company;Bajaj
3029;owner;first
1137;mileage;42.0
1965;company;Bajaj
2136;power;50.0
3542;model_year;2017
1305;model;Himalayan
799;owner;first
3988;model_year;2018
3872;company;Hero
536;kms_driven;55000
1113;power;16.8
2774;model;Classic
3398;mileage;35.0
2099;company;Hero
1428;mileage;35.0
2712;location;navi mumbai
1781;power;8.2
38;location;chittorgarh
3147;owner;first
1646;location;patna
1931;model;Avenger
380;model;FZs
2831;owner;first
15;kms_driven;23522
1879;kms_driven;23800
2985;power;13.0
3632;model;Renegade
3591;mileage;35.0
3745;power;19.8
1238;price;84400
3555;location;indore
3797;power;47.0
1674;owner;first
4085;model_year;2016
1051;price;85000
2676;model_year;2017
2392;mileage;5.0
1776;owner;first
2204;model_year;2015
994;kms_driven;4414
1637;owner;first
2016;company;Kawasaki
938;company;Royal-Enfield
2570;kms_driven;34000
1602;mileage;30.0
1381;power;27.2
738;kms_driven;90000
923;power;8.2
1098;power;19.0
2010;mileage;42.0
2316;company;TVS
749;power;14.6
3012;owner;first
3369;location;ahmedabad
280;location;pune
2330;price;75000
685;company;Royal-Enfield
89;model_year;2015
1152;power;7.4
770;owner;first
2459;kms_driven;95000
1064;power;28.0
1497;mileage;55.0
1994;owner;first
433;model_year;2017
2777;kms_driven;28700
1193;model;Pulsar
3838;location;thane
950;kms_driven;19781
937;power;8.2
3674;model;Bullet
2806;company;Royal-Enfield
385;price;65000
2530;kms_driven;7520
2889;power;27.2
2247;kms_driven;30000
3637;kms_driven;30000
3981;model;Centuro
2789;location;vadodara
318;power;21.0
3694;owner;first
64;owner;first
1961;owner;first
1086;price;65000
2278;model;RC
2591;location;chandigarh
2969;model_year;2009
1660;model_year;2015
1759;power;42.3
885;model;Duke
3380;power;19.8
242;price;56000
2606;kms_driven;12000
2978;location;delhi
268;location;delhi
2065;owner;first
2536;owner;first
1328;location;delhi
3944;model;YZF-R15
1982;power;19.8
3292;power;111.0
2693;kms_driven;65000
2763;model;Thunderbird
2652;mileage;35.0
1269;model;Classic
3563;company;KTM
297;model_year;2015
4047;kms_driven;26379
2470;power;24.8
3471;company;Royal-Enfield
3140;company;Hero
3199;model;YZF-R15
3251;model_year;2015
2081;price;115051
2045;owner;first
1155;owner;first
1850;owner;first
210;owner;second
2072;power;19.8
2614;power;26.1
1996;model;Bullet
2875;kms_driven;75000
2365;price;855000
2018;model_year;2014
732;power;13.0
758;company;KTM
3557;owner;first
3742;price;29500
3167;model_year;2016
2149;power;19.8
1345;location;pune
2635;power;19.8
693;location;bangalore
1258;owner;first
1765;price;155000
2539;model_year;2017
93;company;UM
195;power;19.1
523;price;82500
2484;kms_driven;7850
3838;price;55700
3329;power;24.6
1696;model;Bullet
1023;location;jaipur
2567;power;19.0
546;location;delhi
2040;power;127.0
2630;owner;second
1628;model;Thunderbird
1656;company;Royal-Enfield
2446;kms_driven;5860
1879;model_year;2014
3982;location;ludhiana
3605;price;125000
1877;kms_driven;34000
129;model;CB
1595;model;Avenger
810;owner;second
2376;model_year;2021
1096;model_year;2017
1645;mileage;55.0
332;price;45000
2367;model_year;2016
1518;model;Classic
1696;location;chandigarh
1834;location;ludhiana
1984;mileage;35.0
1894;model_year;2019
1068;model_year;2015
3034;kms_driven;35000
2379;location;chandigarh
945;owner;first
675;power;15.3
3854;power;13.0
557;model_year;2014
1414;power;19.8
1785;price;300000
4045;kms_driven;3000
1647;mileage;89.0
511;company;Bajaj
1413;price;105000
2666;company;Yamaha
1683;model;Classic
2111;power;19.8
3145;owner;first
773;model;Avenger
3588;mileage;35.0
3533;power;25.0
1130;mileage;35.0
2178;kms_driven;18000
2494;company;Hero
3198;model;Classic
2511;model;Thunderbird
3138;location;delhi
3250;company;Royal-Enfield
2000;price;45000
562;price;100000
4058;location;chennai
1253;power;19.8
1403;model_year;2012
1614;model_year;2011
3034;company;Royal-Enfield
1629;mileage;50.0
3463;location;delhi
333;owner;first
2963;power;25.1
2042;location;delhi
3393;power;16.7
3586;model;Avenger
341;kms_driven;48000
2195;kms_driven;64400
1333;company;Suzuki
887;mileage;45.0
374;location;jodhpur
1107;power;19.8
2905;mileage;12.0
3483;mileage;40.0
1731;model_year;2020
3802;owner;first
1143;kms_driven;32200
3797;company;Harley-Davidson
522;price;190000
1116;model_year;2005
3052;mileage;25.0
3472;model;Hunk
38;power;8.0
989;mileage;50.0
2691;kms_driven;12485
3219;mileage;25.0
2946;model_year;2015
77;owner;first
94;price;117000
1837;model;YZF-R15
2189;owner;first
1219;mileage;35.0
3410;price;65000
3377;price;140000
1489;company;Royal-Enfield
1152;model;Sport
1616;price;32000
3415;owner;first
3186;owner;first
228;owner;first
3774;owner;second
241;price;58000
1476;price;65000
3057;model_year;2015
981;power;19.8
1759;model_year;2020
3689;mileage;35.0
591;location;bangalore
2162;owner;third
522;model;Classic
344;kms_driven;21500
3391;power;72.68
2321;model_year;2012
831;kms_driven;8500
2061;company;Bajaj
3778;company;Hero
1237;location;delhi
351;model;Classic
4017;mileage;55.0
2237;kms_driven;53000
3226;price;38000
3720;model;Thunderbird
3843;model_year;2015
547;mileage;55.0
3971;power;7.7
1403;company;Bajaj
987;model;Classic
274;kms_driven;12282
3478;price;47500
2065;company;Hero
1914;power;19.8
1186;power;14.6
3068;kms_driven;500
3855;power;11.0
3588;owner;first
2334;owner;first
3552;model_year;2015
2694;owner;first
39;company;Royal-Enfield
718;mileage;35.0
2142;price;186750
4041;location;delhi
1411;power;24.8
2140;price;233437
1258;kms_driven;27746
3785;mileage;40.0
3746;company;Bajaj
2447;price;108000
800;model_year;2020
1831;price;65000
3146;model_year;2018
2458;model_year;2014
3227;price;111400
676;kms_driven;14000
2414;power;13.0
911;kms_driven;14500
3942;model_year;2015
243;location;ghaziabad
21;power;24.8
1985;power;17.0
3587;power;19.8
1395;company;Royal-Enfield
803;price;180000
2617;mileage;40.0
288;company;Bajaj
2672;model_year;2017
1220;owner;first
2064;kms_driven;24000
1198;owner;first
753;price;20000
1484;power;19.8
2989;owner;first
2992;model;Super
3185;location;ludhiana
887;owner;first
1821;power;19.0
3040;kms_driven;30000
3272;location;ranchi
3732;power;14.6
2469;company;Hero
707;model;Splendor
1980;model;Pulsar
2879;mileage;26.0
103;power;19.0
1520;model_year;2016
1754;company;Royal-Enfield
826;location;vadodara
2274;model;Splendor
1752;mileage;50.0
2791;model_year;2010
717;company;Hero
462;location;jaipur
2975;model;Street
1235;price;65000
2828;kms_driven;5000
3380;location;bangalore
2182;kms_driven;9000
647;model_year;2018
1185;model;TNT
3043;model;Classic
3247;kms_driven;2000
2720;company;Royal-Enfield
3795;owner;first
294;price;28000
3067;mileage;15.0
3616;owner;first
4011;owner;first
2825;kms_driven;27176
2048;location;bangalore
2749;price;85000
2005;model_year;2016
3941;company;Bajaj
3321;mileage;53.0
1150;kms_driven;14000
516;price;14100
3726;price;40300
2457;owner;first
3242;location;delhi
641;model_year;2019
3633;kms_driven;11000
2004;model;Karizma
309;location;pune
942;location;hyderabad
1056;kms_driven;78000
3340;price;120000
2697;location;bangalore
3776;company;UM
1442;company;Hero
3227;kms_driven;57000
1433;model_year;2016
472;location;chandigarh
2588;company;Royal-Enfield
744;owner;first
400;location;chennai
1243;model_year;2014
686;model_year;2017
1210;model_year;2019
3419;model_year;2017
742;kms_driven;22455
2642;power;19.8
2978;mileage;35.0
1665;kms_driven;8000
3418;mileage;5.0
376;model;Classic
3669;location;delhi
1332;power;7.7
2181;company;Royal-Enfield
3803;owner;first
3222;model_year;2016
1202;model;Renegade
722;mileage;38.0
2549;kms_driven;20047
2099;kms_driven;11000
799;model_year;2020
2549;owner;first
2092;model;Thunderbird
3108;location;chandigarh
3945;mileage;81.0
2411;owner;first
962;company;Royal-Enfield
2030;model_year;2018
250;location;pune
2116;location;mumbai
356;price;180000
2884;owner;first
3878;model_year;2018
3826;model_year;2012
1447;power;7.5
794;price;50000
2900;company;Bajaj
584;power;19.0
232;model_year;2019
3487;model_year;2017
3908;price;35400
2602;model;Gixxer
1539;model;Thunderbird
1466;model;Iron
1247;kms_driven;68500
1876;mileage;40.0
4078;model;Passion
1881;power;8.5
1052;owner;first
226;company;Royal-Enfield
1396;power;17.0
3158;location;chandigarh
2289;kms_driven;23000
1089;kms_driven;15600
70;model;Splendor
3543;company;Bajaj
928;company;TVS
3027;company;UM
455;owner;first
2425;model;Thunderbird
312;company;Yamaha
1878;company;Royal-Enfield
2167;model_year;2016
1492;model;RC
673;kms_driven;15000
2915;kms_driven;12500
1694;power;19.8
1043;model;Classic
3055;model;Splendor
2223;location;mumbai
1403;mileage;45.0
649;price;34600
67;model_year;2019
1610;model_year;2015
4097;model;YZF-R15
2500;kms_driven;29000
2707;model;Passion
1073;model;Gixxer
187;owner;first
814;price;93000
1029;power;21.0
1593;power;14.3
2118;model_year;2018
755;company;KTM
2784;kms_driven;18000
662;location;mumbai
3658;power;42.9
220;location;bangalore
1062;price;190000
1989;location;meerut
2123;company;Kawasaki
2221;power;13.0
996;mileage;35.0
3389;owner;first
493;price;95000
2968;owner;first
534;kms_driven;32000
79;kms_driven;25000
1120;kms_driven;8000
3171;location;delhi
3474;location;faridabad
3848;model_year;2019
3551;location;gurgaon
2646;owner;first
159;company;Hero
694;power;8.2
3519;owner;first
855;company;Royal-Enfield
3963;model;Splendor
3623;model;Duke
259;owner;first
1207;location;ahmedabad
3140;model;Passion
3018;kms_driven;14500
1684;owner;first
1451;model;Duke
184;model_year;2019
25;kms_driven;20805
1937;model;Classic
358;mileage;40.0
3385;power;8.2
2496;company;Bajaj
839;location;delhi
4048;model_year;2007
1474;owner;first
3371;location;ahmedabad
512;location;gurgaon
3454;model_year;2017
672;price;30000
1108;location;rajkot
1241;location;ahmedabad
4020;power;19.8
3679;model_year;2011
2225;owner;first
2942;owner;first
1123;model_year;2015
35;mileage;35.0
856;model;Avenger
1211;company;Royal-Enfield
3006;power;19.0
831;price;100000
63;model;Classic
330;mileage;32.0
3280;location;chennai
3903;model_year;2014
745;location;mumbai
27;power;19.0
3261;kms_driven;47000
3726;location;chennai
3923;location;delhi
254;owner;first
3312;power;16.7
3843;company;KTM
2942;mileage;42.0
90;model;Thunderbird
1728;location;delhi
11;company;Royal-Enfield
3874;model;Splendor
1853;model;Pulsar
1993;company;Hero
802;power;8.1
3025;power;27.2
1543;model;Pulsar
2765;model;Thunderbird
123;company;Hero
3513;company;Harley-Davidson
2270;company;Royal-Enfield
4099;mileage;57.0
1986;model;Avenger
3406;owner;second
4062;model;Classic
38;model_year;2019
1849;owner;first
146;kms_driven;15000
1193;price;50000
1898;owner;first
2841;price;35000
2361;mileage;5.0
2261;kms_driven;12000
1332;owner;first
3769;location;ahmedabad
2059;location;jaipur
2654;mileage;48.0
2493;location;mumbai
2411;model;Classic
2894;price;195400
43;kms_driven;30000
3393;location;bangalore
3544;owner;first
2961;model_year;2017
2076;location;pune
1007;model;RC
3530;price;180000
2623;power;19.8
1604;location;delhi
699;power;19.8
1292;model;Pulsar
187;model;HF
3956;price;100000
4056;kms_driven;18000
2696;model;CBR
2328;power;19.8
852;company;Bajaj
756;kms_driven;3649
1164;owner;first
1343;power;13.0
4097;power;16.0
1529;power;14.0
2096;model;CB
1792;owner;first
685;location;noida
465;location;gurgaon
257;price;58050
2831;model_year;2019
1204;company;Royal-Enfield
2125;model_year;2013
998;company;Royal-Enfield
1711;price;26000
993;model;Pulsar
2087;owner;first
2297;location;mumbai
2532;owner;first
531;owner;first
509;power;16.7
253;company;Bajaj
99;price;195000
494;mileage;53.0
3966;model_year;2015
2558;price;20000
2303;price;37000
2258;owner;first
1556;power;19.8
2918;owner;first
1269;kms_driven;11277
3240;model;Classic
1645;company;Hero
467;owner;first
2977;mileage;55.0
18;owner;first
1654;mileage;57.0
2407;price;850750
638;model_year;2020
115;model_year;2019
1051;mileage;42.0
2210;mileage;26.0
256;kms_driven;60000
3809;model_year;2014
32;mileage;35.0
530;kms_driven;1000000
157;power;19.8
1864;owner;first
3992;kms_driven;67000
3143;company;Royal-Enfield
2605;kms_driven;12000
1818;location;ahmedabad
3897;power;7.5
873;company;Bajaj
415;model_year;2011
591;price;75000
172;owner;first
2509;owner;first
3132;owner;first
834;model;Classic
3743;power;15.0
1487;owner;first
3773;model_year;2014
1413;model_year;2019
1426;company;Hero
127;mileage;22.0
2183;model_year;2017
874;owner;fourth
241;model_year;2018
772;power;19.8
3406;mileage;19.0
1940;power;17.0
2517;mileage;57.0
1513;power;8.2
4098;power;17.0
2965;company;Royal-Enfield
307;model_year;2014
3605;location;chennai
715;location;pune
1656;power;27.2
1722;kms_driven;18000
879;power;19.8
94;owner;first
1566;model;Star
2535;power;19.8
3870;model;Splendor
1179;model_year;2016
2834;power;9.0
3515;model;Street
2311;company;Royal-Enfield
3999;owner;first
958;price;379999
2470;mileage;35.0
2398;power;15.0
3586;mileage;35.0
1603;company;Harley-Davidson
765;price;186750
4012;power;15.0
338;owner;first
2430;power;19.8
1727;kms_driven;26000
2483;location;pune
2391;power;15.0
2905;model;Thunderbird
3578;owner;first
1791;power;16.0
3382;kms_driven;9500
3788;model;Classic
2270;power;19.8
4057;owner;first
3937;mileage;75.0
3851;price;55000
2444;company;Royal-Enfield
3608;location;hyderabad
1217;power;93.0
3186;kms_driven;12000
2396;location;gurgaon
1968;owner;second
2178;model;Classic
2170;model;YZF-R15
2130;kms_driven;35600
195;mileage;35.0
3190;power;26.0
3572;location;delhi
1098;price;34000
2852;owner;first
2488;model;Renegade
2061;location;jaipur
3929;owner;first
67;company;Hero
697;model;Apache
753;location;bangalore
3506;owner;first
1186;owner;first
1887;model_year;2018
2808;company;Mahindra
3285;model;RC
810;model_year;2017
3320;kms_driven;20171
3272;power;14.0
3632;model_year;2017
106;company;Bajaj
1197;mileage;5.0
428;model;Pulsar
3838;power;24.2
2389;power;19.8
3223;company;TVS
722;power;21.0
2939;mileage;5.0
3920;power;20.3
3875;power;7.4
3435;location;noida
1967;mileage;53.0
1786;price;72600
3614;power;7.5
3030;mileage;37.0
2432;model;Street
2888;price;78000
1547;power;14.79
3533;price;140000
2954;power;14.6
3584;location;gurgaon
3752;mileage;25.0
3051;model;Renegade
734;company;Bajaj
1267;power;19.0
3911;company;Royal-Enfield
130;company;Royal-Enfield
1639;power;25.1
1289;company;Royal-Enfield
1261;company;Yamaha
1644;price;110000
1747;mileage;64.0
386;model_year;2018
3719;mileage;55.0
1405;company;Kawasaki
524;price;35000
1121;mileage;40.0
3362;price;135000
3318;price;157000
3983;power;8.0
22;location;mumbai
3538;owner;first
746;mileage;35.0
3500;model;Street
37;owner;first
3912;mileage;25.0
3627;price;70000
1974;location;chandigarh
62;power;19.8
77;price;34000
3585;model_year;2012
921;location;meerut
2218;owner;first
4003;price;105000
2485;model_year;2016
362;power;9.0
2373;owner;first
315;power;25.1
1532;model;RC
1671;owner;second
1194;model;RC
461;kms_driven;15222
2186;model_year;2017
617;company;Royal-Enfield
1811;owner;first
1738;owner;second
46;owner;first
3479;model_year;2014
771;price;55000
2332;power;8.2
1195;mileage;55.0
3200;owner;first
1009;model;V15
349;price;150000
1920;kms_driven;2447
1562;owner;first
495;kms_driven;1500
2924;power;37.73
2829;mileage;32.0
121;mileage;60.0
3373;model_year;2014
2441;kms_driven;14000
3862;power;14.0
2729;power;13.0
253;model;Avenger
3188;owner;third
1377;price;497000
1973;owner;first
428;company;Bajaj
2688;company;Bajaj
2271;company;Hero
3110;owner;first
1747;price;7500
2120;kms_driven;11000
1323;company;Royal-Enfield
2325;price;170000
4027;company;Bajaj
3937;model_year;2012
3706;power;21.0
2613;mileage;64.0
69;price;76775
3652;company;Royal-Enfield
4092;mileage;65.0
3519;location;ludhiana
2105;price;155625
3984;owner;first
600;company;Yamaha
2472;power;28.0
3636;company;Royal-Enfield
2151;kms_driven;56000
1276;company;Suzuki
1491;location;bhubaneshwar
2598;power;42.3
3356;company;Yamaha
725;price;110000
186;model;Classic
3873;mileage;40.0
1909;model_year;2018
810;price;138880
2502;mileage;35.0
1725;location;bangalore
3586;company;Bajaj
619;location;mumbai
2822;model_year;2009
3350;model_year;2018
2572;model_year;2010
2880;price;130000
2481;price;55000
2240;price;184400
341;location;vadodara
3770;price;38000
2948;model;YZF-R15
2952;power;24.8
979;power;27.2
2913;location;bhubaneshwar
2334;price;130000
3422;price;52000
2443;company;UM
684;kms_driven;50562
1931;company;Bajaj
2831;model;Splendor
2343;kms_driven;7300
1999;power;12.32
2675;model;Passion
2088;owner;first
1327;company;Royal-Enfield
1330;price;63000
1322;power;19.8
1238;mileage;48.0
488;model;Pulsar
868;kms_driven;2500
3421;kms_driven;14000
999;price;95000
455;mileage;55.0
3969;model_year;2014
36;kms_driven;35000
2903;power;8.39
2361;power;8.2
3076;power;19.8
2698;mileage;37.0
1320;company;Bajaj
2889;owner;first
464;model;Thunderbird
123;location;chittorgarh
4090;price;16000
748;power;9.0
2542;model;Renegade
3151;model_year;2016
134;model;Discover
3730;model_year;2016
2891;model;Splendor
3254;owner;first
2648;kms_driven;23350
497;owner;first
2633;location;ahmedabad
3736;kms_driven;6050
3302;mileage;35.0
2094;power;8.0
3113;owner;first
1837;owner;first
3464;model_year;2017
1050;company;Royal-Enfield
1223;location;surat
612;price;90000
3483;power;19.8
3216;price;37000
1786;owner;second
1687;kms_driven;31500
919;location;mumbai
3634;kms_driven;20500
1844;company;Bajaj
331;power;19.8
1742;owner;second
97;location;bangalore
3784;mileage;38.0
312;mileage;42.0
3980;model;RC
3238;model_year;2016
841;power;24.5
2447;company;KTM
2418;kms_driven;11000
1963;power;33.0
3307;mileage;53.0
277;model;Standard
2633;company;Hero
3876;model;Splendor
154;price;150000
3399;model;Himalayan
466;company;Royal-Enfield
1464;mileage;20.0
3846;owner;second
3377;mileage;35.0
854;power;19.1
1993;mileage;81.0
540;power;14.0
2107;company;Royal-Enfield
438;model_year;2006
3503;owner;first
1332;price;25000
2379;mileage;25.0
3610;mileage;35.0
3226;mileage;57.0
3279;model;Duke
770;model_year;2014
2243;power;14.3
3437;mileage;52.5
410;location;bangalore
587;model;Avenger
2659;location;delhi
3676;location;chennai
1050;model;Classic
3929;model_year;2016
2409;model_year;2019
2176;kms_driven;26000
2150;kms_driven;15500
996;company;Royal-Enfield
3121;power;8.2
3491;model;Pulsar
3812;power;21.0
3574;model_year;2017
417;price;110000
1080;model_year;2017
3372;model;Avenger
3193;company;Hero
3302;model;Classic
413;kms_driven;15000
1629;price;47000
1168;location;pune
26;model;Pulsar
3429;price;145250
527;company;Hero
652;model_year;2018
3164;owner;first
703;price;22000
3920;price;105000
3916;mileage;45.0
1534;model_year;2019
279;location;chennai
1456;owner;first
328;mileage;55.0
2871;mileage;32.0
697;model_year;2021
1223;model;Thunderbird
1863;owner;first
664;company;Hero
3215;location;hyderabad
3546;price;115000
1563;mileage;26.0
3698;company;Hyosung
2325;model_year;2019
1376;price;65000
1092;owner;first
78;model_year;2015
3445;location;bangalore
2248;model_year;2016
3662;owner;first
2073;price;50000
3937;model;Super
2679;model_year;2016
3201;company;Suzuki
359;owner;second
2731;kms_driven;39067
3470;kms_driven;1400
3198;owner;first
141;location;delhi
2939;model;Passion
781;model_year;2013
350;model;Discover
3865;mileage;37.0
3775;power;7.5
1602;model;Z650
1927;owner;first
1857;company;Bajaj
2993;kms_driven;22000
3275;model;Classic
3328;mileage;5.0
1155;mileage;18.0
2556;mileage;32.0
3152;power;8.2
3967;company;Royal-Enfield
1635;location;bangalore
727;model_year;2019
482;kms_driven;15000
500;kms_driven;7000
4068;model_year;2015
596;kms_driven;35000
2694;kms_driven;18000
1805;model_year;2017
2931;location;pune
851;model;Pulsar
3158;price;145000
1203;mileage;35.0
3933;mileage;35.0
1363;kms_driven;40000
2889;company;Royal-Enfield
2013;mileage;45.0
133;kms_driven;52000
3630;power;19.0
2913;mileage;25.0
1315;kms_driven;30000
731;kms_driven;19000
1978;model;Bullet
2199;model_year;2018
930;model;Bullet
924;price;110317
4079;location;ludhiana
1738;location;bangalore
955;owner;first
2962;mileage;42.0
2766;owner;first
2650;company;Hero
1408;model;Avenger
952;company;Royal-Enfield
1511;company;Bajaj
1049;kms_driven;42000
3766;owner;second
3596;power;19.8
1147;model_year;2015
3898;company;Bajaj
2526;location;pune
205;mileage;40.0
4045;power;19.8
1101;mileage;35.0
2112;power;41.4
3942;price;115000
3111;model;CT
501;power;25.0
1542;kms_driven;9300
2000;mileage;64.0
3009;company;Bajaj
2882;owner;second
3286;model_year;2015
3157;model;YZF-R15
2827;power;16.0
92;model;Karizma
2954;company;Suzuki
3485;company;Royal-Enfield
2959;kms_driven;2000
776;owner;first
301;model;V15
2010;model;YZF-R15
423;power;14.0
3806;power;14.6
4064;power;19.0
1416;location;gurgaon
2725;location;gurgaon
2451;kms_driven;6000
25;location;delhi
167;location;chittorgarh
1007;location;mumbai
4097;mileage;42.0
3092;power;15.0
2229;owner;first
2798;power;8.2
371;mileage;65.0
3885;model;Pulsar
790;price;45400
3651;location;mumbai
1851;model_year;2019
1707;owner;second
2848;kms_driven;10000
3002;model_year;2008
2323;company;Royal-Enfield
3526;owner;first
3771;mileage;45.0
2536;kms_driven;20000
681;price;58700
1125;model_year;2015
774;company;Royal-Enfield
34;location;dehradun
2212;price;24304
1493;model_year;2019
1283;owner;second
3946;owner;first
3715;model_year;2016
1724;power;70.0
4065;owner;first
2874;company;Bajaj
579;power;25.1
1031;mileage;35.0
247;location;navi mumbai
2266;location;howrah
2998;price;75000
2204;power;16.8
1547;mileage;53.72
1898;kms_driven;25000
2323;price;130000
1027;model;RC
1591;company;Hero
1638;kms_driven;31000
589;model;Bullet
1757;owner;first
1250;kms_driven;10000
3398;owner;first
2342;mileage;35.0
3906;location;kolkata
3209;power;16.7
90;company;Royal-Enfield
2326;price;60000
1024;power;24.2
1361;company;Hero
3083;power;19.8
3960;model_year;2016
3399;model_year;2016
2387;power;8.9
1804;price;120000
3905;kms_driven;2656
111;owner;first
803;kms_driven;14800
369;location;ahmedabad
644;location;delhi
440;mileage;42.0
3280;company;Bajaj
1445;company;Yamaha
1147;company;Royal-Enfield
1872;owner;first
2558;location;delhi
3072;kms_driven;30289
1707;mileage;57.0
2052;power;7.5
1846;owner;first
22;model_year;2011
3502;model;Street
487;model;Duke
1909;location;faridabad
319;kms_driven;68000
1584;mileage;25.0
1383;price;18500
2363;mileage;40.0
7;power;19.8
1701;owner;first
878;location;rajkot
2737;owner;first
757;mileage;35.0
2717;model_year;2014
3564;model;Duke
596;owner;second
3454;location;pune
3744;price;310000
2314;mileage;40.0
2558;mileage;45.0
3475;company;Bajaj
1068;company;Hero
392;owner;first
510;model_year;2011
3255;mileage;40.0
92;power;20.0
1474;model_year;2020
3263;location;mumbai
1960;mileage;53.0
520;location;mumbai
1558;company;KTM
429;owner;first
2297;mileage;30.0
949;company;Hero
4077;owner;first
3243;owner;first
4002;location;gurgaon
550;kms_driven;19000
1167;model;Z650
2902;company;KTM
2766;mileage;17.0
1804;mileage;25.0
2301;model;Classic
1502;price;85000
184;company;Royal-Enfield
2485;company;Royal-Enfield
3184;kms_driven;3400
2214;owner;first
3371;model_year;2014
1549;model;YZF-R3
4064;mileage;35.0
3899;kms_driven;18000
3152;kms_driven;6000
2251;model_year;2014
2564;price;79555
856;owner;first
561;power;19.8
2915;owner;first
1748;model_year;2009
661;location;mumbai
2687;power;25.0
3083;model;Electra
2556;kms_driven;5000
1274;mileage;35.0
3031;price;110000
2334;location;chandigarh
2595;mileage;35.0
3991;mileage;89.0
327;owner;first
922;model;Thunderbird
1494;model;Apache
2815;power;25.0
1533;power;47.0
1015;power;15.0
3536;power;27.2
273;power;14.6
3807;location;gurgaon
3674;company;Royal-Enfield
3480;price;40000
1412;power;10.9
2466;price;175000
3278;mileage;25.0
2471;model_year;2008
1190;location;ahmedabad
3184;location;mumbai
984;model;Thunderbird
3315;model_year;2017
2772;price;250000
3793;price;165000
1815;company;Bajaj
1659;kms_driven;10000
1223;owner;first
2866;model_year;2015
1834;price;43000
911;price;70000
1591;mileage;55.47
3705;price;220000
90;owner;first
1161;mileage;40.0
1089;price;475000
1296;location;thane
612;model;Bullet
2956;location;bangalore
397;owner;first
3451;model_year;2017
1021;price;38000
3609;price;128000
2090;owner;first
65;model;CT
3941;model_year;2016
3039;price;45000
794;kms_driven;12000
1781;mileage;85.0
1328;company;Royal-Enfield
582;model;Classic
354;mileage;40.0
515;location;bangalore
3623;company;KTM
3528;price;48000
945;kms_driven;50000
3497;kms_driven;10000
1626;company;Royal-Enfield
201;model;Pulsar
660;model_year;2016
384;owner;first
517;location;navi mumbai
726;location;jaipur
3814;company;Royal-Enfield
1974;company;Bajaj
3258;power;42.3
500;model_year;2019
1359;location;gurgaon
733;kms_driven;27744
3629;company;Bajaj
3220;price;175000
2357;power;42.3
1151;owner;second
377;kms_driven;55000
1303;model_year;2015
4018;company;Bajaj
1980;company;Bajaj
3754;model;Pulsar
959;kms_driven;41000
1261;mileage;42.0
1402;owner;first
1062;kms_driven;19563
3664;company;Bajaj
1267;owner;first
2593;kms_driven;9500
2667;company;Bajaj
1852;mileage;35.0
3072;model_year;2018
3033;mileage;42.0
3871;kms_driven;7215
3813;location;faridabad
1267;mileage;40.0
3940;mileage;95.0
3942;location;delhi
3139;kms_driven;11000
963;company;Royal-Enfield
312;location;ahmedabad
2449;company;Bajaj
1582;model_year;2018
2480;location;bangalore
738;mileage;65.0
1357;price;114900
2618;owner;first
4099;location;bangalore
2470;model_year;2017
1576;power;19.8
2205;mileage;40.0
1559;location;mumbai
695;location;gurgaon
1502;location;hyderabad
3431;company;Hero
1051;power;16.7
2975;owner;first
278;mileage;40.0
1469;power;39.0
2270;model_year;2003
3601;owner;first
153;company;Yamaha
3356;power;16.0
657;price;130000
1258;power;19.8
2449;owner;first
808;owner;first
127;model;Apache
205;kms_driven;10855
1328;model;Classic
296;location;chennai
2992;model_year;2010
3466;model;Avenger
226;model;Bullet
2108;model_year;2018
3542;location;howrah
1247;company;Yamaha
2662;mileage;40.0
1392;power;19.8
534;model_year;2015
3638;price;220000
927;mileage;26.0
1114;location;delhi
1333;kms_driven;19000
1232;model;Classic
2470;location;delhi
1040;mileage;43.0
2023;kms_driven;10000
431;location;mumbai
3235;price;42000
2439;location;navi mumbai
4026;model_year;2005
639;owner;first
2642;kms_driven;24000
1161;price;90000
3986;power;19.8
2202;location;mumbai
1998;mileage;35.0
331;location;rajkot
1335;price;115300
1664;kms_driven;25000
3520;power;16.0
4040;power;12.32
1076;company;Bajaj
2764;owner;first
154;company;Royal-Enfield
2552;mileage;32.0
3541;kms_driven;9902
2782;company;KTM
326;price;125000
501;owner;first
1319;model_year;2019
2668;location;mumbai
3829;price;100000
1857;power;17.0
2599;kms_driven;32000
2292;kms_driven;28000
1625;location;jaipur
3054;mileage;35.0
527;location;pune
2680;company;Bajaj
2911;mileage;16.0
3354;owner;first
3625;price;325000
1720;mileage;57.0
214;mileage;55.0
2794;model_year;2018
2876;company;Yamaha
2370;power;17.0
866;company;Royal-Enfield
1454;owner;first
3314;price;100000
2535;price;83500
1811;company;UM
1028;price;127500
1171;kms_driven;22000
4002;price;48000
1932;kms_driven;9200
3524;location;ahmedabad
3550;company;Royal-Enfield
2310;power;14.0
808;location;mumbai
1008;model;RC
2794;company;Kawasaki
1179;owner;first
2586;mileage;26.0
3915;price;70000
2433;location;thane
2974;kms_driven;30000
1488;company;Bajaj
2339;model;Duke
1721;model_year;2021
3091;model;Karizma
3949;company;Yamaha
84;location;gurgaon
2497;location;delhi
805;location;delhi
2531;model;Avenger
1338;owner;first
3427;price;425000
3463;power;11.0
83;power;33.0
1469;company;Kawasaki
2099;model;Splendor
4070;power;13.8
2510;kms_driven;80000
586;model_year;2015
489;model;Electra
1672;model_year;2017
1962;company;Royal-Enfield
1213;price;45000
239;location;ludhiana
3258;owner;first
399;location;hyderabad
518;model_year;2008
1889;price;81000
1860;location;bangalore
3202;kms_driven;29000
2048;model;FZs
2927;location;delhi
3310;mileage;38.0
2772;owner;first
2650;kms_driven;25526
71;mileage;25.0
2220;kms_driven;9200
2455;location;ahmedabad
2997;mileage;30.0
145;price;148000
1511;model_year;2009
128;mileage;40.0
3957;kms_driven;28900
1868;power;21.0
3326;location;chennai
1361;mileage;55.0
2822;price;12000
3428;price;186750
2007;model;Pulsar
3367;price;65000
1718;kms_driven;26500
3485;kms_driven;5304
2611;mileage;64.0
428;owner;fourth
3391;kms_driven;5000
554;power;24.8
203;mileage;35.0
1873;owner;first
3581;price;140000
2468;model_year;2013
3276;price;165000
1282;kms_driven;13500
3788;power;19.8
1554;kms_driven;10000
3137;company;Royal-Enfield
4091;owner;first
901;company;Royal-Enfield
675;company;Bajaj
2688;mileage;38.0
1852;model_year;2017
3355;kms_driven;5000
637;model;Classic
2688;model;Pulsar
3730;owner;first
2592;power;13.0
671;power;25.1
412;owner;first
2586;location;mumbai
4099;model;V15
2050;location;pune
3042;model_year;2012
488;company;Bajaj
137;price;135000
1890;model;Renegade
1275;kms_driven;67000
1245;model_year;2015
2455;company;Yamaha
3078;kms_driven;36000
2383;company;Yamaha
1302;power;21.0
3268;mileage;26.0
2274;power;8.2
2688;location;delhi
1141;company;Royal-Enfield
2932;company;Benelli
3642;location;hyderabad
2254;company;Bajaj
3581;owner;first
3787;kms_driven;48000
3827;kms_driven;11976
1543;owner;first
3058;mileage;25.0
2091;company;Royal-Enfield
3774;kms_driven;17243
452;location;delhi
3100;price;170000
2889;model_year;2017
3424;company;Bajaj
1562;model;Bullet
2418;model_year;2017
3249;price;115000
1855;company;Bajaj
1188;kms_driven;10115
1663;model;V15
1789;company;KTM
3514;owner;first
3971;company;Hero
3903;model;Pulsar
204;price;110000
1039;model;Pulsar
2179;location;delhi
2619;company;Royal-Enfield
2688;model_year;2015
2530;owner;first
1026;owner;first
3921;power;17.0
3427;model;TNT
1475;model;Classic
2797;owner;first
145;model;Thunderbird
1349;model_year;2017
3035;power;18.28
2515;power;27.2
1241;price;50200
2617;kms_driven;25978
1848;location;ludhiana
3347;mileage;35.0
3216;power;14.0
1232;location;delhi
1139;model;Avenger
694;company;Hero
240;model;Gixxer
2426;power;19.8
1495;power;19.0
1862;model_year;2015
497;location;bangalore
2538;power;19.8
440;model;YZF-R15
1102;model_year;2015
1237;power;19.0
1109;owner;first
755;location;jaipur
4;kms_driven;24561
1189;owner;first
3334;model_year;2015
3594;model;Bullet
2693;company;Royal-Enfield
2741;model_year;2015
291;owner;second
4069;price;51000
2472;owner;first
3253;model_year;2015
3581;kms_driven;15500
2388;location;mumbai
1251;company;Hero
575;company;Bajaj
3790;location;chennai
1680;model_year;2014
3611;model;Bullet
3758;mileage;25.0
2833;mileage;95.0
3521;mileage;65.0
223;location;ludhiana
1502;mileage;43.0
2468;location;mumbai
3518;kms_driven;15237
1687;company;Royal-Enfield
2276;model;Avenger
2785;owner;first
2432;company;Harley-Davidson
4041;mileage;35.0
2629;price;120000
3369;owner;third
2306;kms_driven;12000
1966;owner;first
3499;price;500000
3714;location;ahmedabad
2971;location;mumbai
1417;kms_driven;11500
454;price;134000
3911;model_year;2015
1086;location;gurgaon
3845;mileage;42.0
3454;kms_driven;12000
730;location;dehradun
2331;owner;first
3084;price;43500
3015;company;Hero
1602;location;mumbai
2529;model;Thunderbird
2050;price;118000
195;model_year;2020
3653;power;19.8
2521;price;99700
2597;mileage;40.0
267;company;Bajaj
564;model;Avenger
1911;mileage;57.0
1681;owner;first
2850;kms_driven;4975
2341;company;Bajaj
3223;power;33.0
407;model_year;2016
936;power;16.7
3544;location;bangalore
2808;location;mumbai
2555;model;Thunderbird
478;company;Bajaj
1783;kms_driven;60000
2503;company;Yamaha
1716;location;surat
280;kms_driven;59000
181;model_year;2015
2200;model_year;2015
3807;company;UM
624;location;ahmedabad
1397;owner;first
2172;kms_driven;3600
2249;model_year;2014
1371;price;190000
893;kms_driven;22000
124;mileage;35.0
2021;company;KTM
1864;mileage;90.0
981;model_year;2019
3233;power;27.2
3676;owner;first
1115;model_year;2018
1328;price;180000
4056;mileage;50.0
115;location;chandigarh
1291;kms_driven;4700
147;kms_driven;47500
1047;owner;first
3817;model_year;2017
3962;owner;first
3136;model;Classic
2504;power;14.3
3278;model;Duke
1998;location;navi mumbai
1075;company;Royal-Enfield
1244;kms_driven;16834
853;company;Hero
3488;kms_driven;2330
1536;model_year;2018
1381;owner;first
2907;model;Splendor
2863;power;14.3
3434;power;19.8
100;company;Royal-Enfield
3537;model;GT650R
309;price;60000
2912;model;Splendor
1444;model;FZs
995;model;Thunderbird
1293;kms_driven;30000
2397;mileage;64.0
2770;power;24.5
1284;company;Bajaj
2179;model_year;2018
1122;kms_driven;8000
1793;company;Yamaha
1019;owner;first
3678;price;13999
1125;model;Thunderbird
1617;model_year;2016
3247;company;Bajaj
3645;model;Discover
797;kms_driven;7400
3416;power;42.3
1302;kms_driven;10446
910;price;72000
3065;location;gurgaon
3196;location;gurgaon
4068;power;25.0
2779;power;19.8
3359;mileage;42.0
565;mileage;35.0
2252;location;delhi
1439;mileage;45.0
3941;mileage;57.0
211;location;delhi
2083;model_year;2020
1874;location;ghaziabad
1852;owner;first
2560;price;218100
2490;company;Royal-Enfield
3606;model;Classic
2629;model_year;2015
3519;company;Hero
595;power;9.0
2214;price;76000
1300;power;8.2
2059;kms_driven;11000
1241;model;Pulsar
1493;company;TVS
2368;price;190000
57;model;Ignitor
3502;location;jaipur
600;location;delhi
2667;model_year;2018
172;power;19.8
2110;company;Royal-Enfield
1363;power;19.8
1307;power;17.0
502;model_year;2019
1660;location;delhi
3305;company;Royal-Enfield
256;company;Harley-Davidson
2417;mileage;35.0
1811;model;Renegade
248;company;Bajaj
1032;model;Thunderbird
2159;owner;first
3225;price;57000
640;owner;first
3919;power;8.2
3203;location;gurgaon
3469;company;Bajaj
1270;model_year;2013
559;mileage;5.0
2839;company;Bajaj
147;company;Yamaha
1950;model_year;2014
59;model_year;2019
1208;price;122600
3010;model;Thunderbird
3334;model;Bullet
1236;company;Royal-Enfield
1405;power;140.0
1489;power;27.2
2808;owner;second
1885;mileage;35.0
2587;kms_driven;22000
2642;mileage;30.0
2437;price;375000
314;kms_driven;12070
2888;model;Bullet
1673;owner;first
3452;kms_driven;9000
3575;mileage;25.0
1723;power;25.0
3778;power;18.1
2101;owner;first
1208;model_year;2018
3382;company;Royal-Enfield
3737;company;Royal-Enfield
661;mileage;38.0
708;model;Avenger
3683;power;27.2
1363;model;Thunderbird
1755;kms_driven;25000
725;mileage;35.0
3646;kms_driven;25424
3988;location;delhi
2943;model_year;2017
2700;owner;first
3704;owner;first
505;owner;first
2056;mileage;40.0
3110;location;delhi
1079;company;Yamaha
2774;owner;first
3522;model_year;2016
3100;power;24.8
207;kms_driven;16000
1009;owner;second
1995;mileage;57.0
2898;company;Hero
1701;company;Bajaj
13;model;Electra
1105;kms_driven;22000
3877;model_year;2012
2697;model;FZs
1248;power;8.2
120;location;delhi
984;price;115000
1481;mileage;55.0
1929;power;19.8
284;kms_driven;46453
1876;price;86000
3421;company;Yamaha
2493;owner;first
3106;model;Passion
418;location;bangalore
2083;owner;first
696;model_year;2020
278;power;24.2
123;kms_driven;36000
1731;price;347562
2965;model_year;2016
2318;owner;first
1263;owner;first
461;location;delhi
2080;model_year;2012
747;company;Bajaj
43;location;chittorgarh
2886;company;Kawasaki
3817;mileage;35.0
58;owner;first
2385;model;HF
2430;model_year;2007
1323;kms_driven;6000
517;mileage;35.0
1553;model;Classic
2352;kms_driven;19500
1294;power;27.2
3406;kms_driven;11500
1956;location;mumbai
329;mileage;32.0
128;owner;first
699;company;Royal-Enfield
3362;model;Continental
817;price;69512
276;power;19.8
1589;mileage;50.0
3501;company;Hyosung
1573;model;YZF-R15
862;model_year;2017
3511;owner;second
2705;mileage;68.0
3452;model;Thunderbird
3313;mileage;26.0
3910;kms_driven;10682
1659;price;55000
2220;model;Ninja
637;mileage;35.0
2710;location;patna
3400;power;7.7
1609;location;mumbai
1207;owner;first
3546;mileage;35.0
1977;model_year;2015
129;model_year;2021
1742;price;24000
1800;price;135800
4035;kms_driven;9526
2224;kms_driven;8000
186;location;delhi
2912;kms_driven;26000
2800;price;23000
3977;power;8.39
4086;price;70000
75;location;hyderabad
1763;model_year;2019
2825;power;17.0
1984;kms_driven;20000
2988;company;Bajaj
142;model_year;2019
1312;owner;second
1139;company;Bajaj
3163;kms_driven;17000
1402;model_year;2016
3780;power;42.9
3901;kms_driven;7580
157;owner;first
725;model_year;2019
2919;mileage;38.0
3423;kms_driven;14000
3522;kms_driven;8700
1921;model_year;2013
1764;power;19.8
135;model_year;2014
3623;power;42.9
1474;company;Hero
2213;kms_driven;24000
2548;price;80000
2283;model_year;2019
1211;mileage;32.0
1773;mileage;42.0
440;model_year;2011
152;owner;first
1824;location;delhi
829;location;bangalore
3706;owner;first
472;owner;first
3059;price;90000
3733;model_year;2009
2489;model;Bullet
1956;power;27.2
1669;price;146600
2211;company;Honda
4024;model_year;2010
1375;location;ahmedabad
2883;owner;first
1932;mileage;45.0
54;kms_driven;15990
1512;mileage;42.0
4025;model_year;2011
3174;mileage;25.0
1036;model;RC
2072;price;145000
3704;company;Royal-Enfield
1943;location;delhi
1540;kms_driven;15000
186;power;19.8
3101;model;YZF-R15
500;owner;first
760;company;Bajaj
2565;company;Bajaj
519;kms_driven;8586
1654;model_year;2016
2338;model;YZF-R15
815;mileage;32.0
1278;price;540000
64;model_year;2014
3632;location;mumbai
2917;power;19.8
1887;power;18.1
3874;location;jaipur
3394;owner;first
823;location;vadodara
1139;price;70000
288;power;14.3
2135;power;37.73
3876;owner;first
648;mileage;65.0
520;mileage;65.0
2307;price;50000
1955;location;bangalore
3117;power;19.8
4076;mileage;35.0
550;mileage;40.0
3004;kms_driven;55000
2796;owner;first
161;location;bangalore
2618;kms_driven;15333
3960;kms_driven;21745
3390;company;KTM
117;kms_driven;18000
2819;power;18.1
3268;owner;first
3612;model_year;2015
3576;location;tiruvallur
3670;kms_driven;34407
1354;price;165000
3794;kms_driven;4189
2898;price;72000
4079;power;8.0
2922;location;mumbai
3702;mileage;25.0
3837;model;RC
3277;model;Splendor
1992;location;delhi
4020;company;Royal-Enfield
16;location;delhi
3334;company;Royal-Enfield
2046;model;FZ25
3277;location;delhi
1324;mileage;42.0
1421;owner;second
1547;company;Bajaj
1821;company;Bajaj
3168;mileage;32.0
2947;kms_driven;13000
2467;model_year;2009
980;mileage;52.0
1208;owner;first
2242;company;Bajaj
1326;kms_driven;20000
722;model_year;2012
3941;owner;first
3991;company;Bajaj
971;model;Classic
3376;kms_driven;12315
3714;owner;first
2494;location;delhi
3962;power;12.92
70;power;9.38
891;model_year;2007
3842;model_year;2016
1392;company;Royal-Enfield
3887;model_year;2015
3381;kms_driven;9000
482;company;Royal-Enfield
224;owner;first
2301;company;Royal-Enfield
3907;kms_driven;3000
3263;kms_driven;15100
3202;power;21.0
906;model;Classic
1072;mileage;35.0
1214;company;Bajaj
2069;power;19.0
3877;model;Passion
1571;location;delhi
3076;owner;second
1672;price;160000
854;kms_driven;1736
4015;model;Splendor
1674;location;gurgaon
955;kms_driven;21000
1459;price;269750
1895;kms_driven;20000
1863;mileage;30.0
319;model_year;2015
3650;kms_driven;25
816;kms_driven;52000
2788;price;700000
2003;model_year;2016
688;kms_driven;23000
750;mileage;35.0
1558;location;mumbai
1059;owner;first
2128;model;Ninja
1583;location;mumbai
1075;kms_driven;46668
516;model;Pulsar
2830;kms_driven;10000
2651;location;delhi
526;mileage;95.0
30;price;30000
1274;model;Duke
587;owner;first
4052;power;21.0
634;company;Hero
870;company;Hero
424;owner;first
2232;company;Bajaj
1437;location;kolkata
2903;price;19000
3056;company;Bajaj
1068;model;Passion
1319;company;TVS
846;owner;first
1943;price;27000
2501;power;24.8
652;kms_driven;4578
1311;model;Classic
2547;location;delhi
2893;power;16.0
1229;model_year;2018
3256;power;25.1
443;location;delhi
34;price;110000
1359;kms_driven;12500
2267;model;Avenger
2891;power;8.2
477;company;Bajaj
932;power;17.0
1180;mileage;84.0
1870;price;45000
2131;owner;first
1519;kms_driven;8892
1759;company;KTM
1260;mileage;25.0
3706;model;Pulsar
2762;model_year;2011
3755;model_year;2015
3455;price;596562
750;power;25.0
3563;kms_driven;6450
661;company;Bajaj
4017;model;Passion
3985;model;Pulsar
3871;price;134999
1960;power;19.0
3768;company;Yamaha
3131;kms_driven;8903
2605;price;150000
3498;model_year;2017
1553;price;145000
2274;model_year;2019
507;model;Bullet
223;price;40000
1384;model_year;2017
701;kms_driven;14000
108;mileage;35.0
855;price;75000
2918;price;90500
205;location;delhi
1244;price;58000
3078;mileage;25.0
2682;mileage;35.0
2899;owner;first
3354;power;7.4
2262;power;24.6
988;kms_driven;22000
756;model_year;2020
1157;model_year;2006
3417;company;Hero
20;company;Bajaj
3911;location;delhi
2397;company;Bajaj
624;company;Bajaj
3363;location;noida
4085;location;coimbatore
2619;location;bangalore
2908;location;bangalore
1765;kms_driven;12000
1748;price;16000
191;owner;first
620;mileage;65.0
2171;kms_driven;1400
1877;power;19.8
3170;kms_driven;20757
3352;model;Classic
1855;price;58267
78;mileage;37.0
1741;location;noida
1486;location;bangalore
2624;power;21.0
642;mileage;35.0
862;model;Classic
1195;kms_driven;22500
2540;price;56000
1311;power;27.2
3951;price;19000
1110;owner;second
84;model_year;2011
2590;model_year;2014
456;mileage;65.0
2211;model;CB
3260;price;40000
1893;company;Royal-Enfield
860;price;37200
2668;mileage;26.0
471;model_year;2014
3214;location;mumbai
2569;model;Classic
3135;owner;first
1446;model_year;2015
819;power;42.3
2577;price;135000
45;company;Bajaj
2218;company;KTM
2451;model_year;2017
1221;model;FZ25
3062;location;chandigarh
3670;company;Honda
1521;price;95000
4062;mileage;35.0
881;owner;second
2818;model;CBR
2477;model_year;2017
3937;power;9.0
995;owner;first
323;model_year;2008
1427;company;Royal-Enfield
807;mileage;25.0
3669;mileage;35.0
1060;price;526300
2349;kms_driven;38000
1487;model_year;2019
3858;model;Thunderbird
2205;kms_driven;45000
813;model_year;2017
958;power;47.0
2406;owner;first
392;location;vadodara
1096;mileage;35.0
3826;price;80000
663;power;11.64
430;mileage;62.0
2136;model_year;2012
1315;owner;first
2968;location;hyderabad
387;model_year;2019
1772;model_year;2018
2858;mileage;89.0
3921;company;Bajaj
2610;owner;first
1169;mileage;32.0
2193;power;19.0
1635;owner;first
1166;owner;first
1219;company;Royal-Enfield
1837;price;72000
571;location;mumbai
4060;price;32000
405;power;19.8
1786;location;mumbai
2557;power;19.8
3522;company;KTM
3537;kms_driven;2000
1172;model_year;2015
3878;location;mumbai
294;owner;first
2065;model_year;2006
870;location;delhi
3123;kms_driven;2800
3498;kms_driven;5700
4018;owner;first
2263;owner;first
731;mileage;40.0
692;power;11.64
2092;price;150000
499;model;Classic
3677;location;faridabad
2969;owner;second
3289;power;12.9
2704;power;25.1
1625;model;CD
931;company;Royal-Enfield
2722;location;delhi
56;mileage;42.0
3414;model_year;2018
119;price;162000
4007;model;Avenger
2905;kms_driven;2300
1094;power;67.2
1869;owner;first
3073;power;27.2
1834;kms_driven;6336
2231;mileage;53.0
3712;power;8.0
875;power;25.1
3481;mileage;35.0
1943;kms_driven;40000
2099;power;7.91
361;location;delhi
2574;kms_driven;10400
965;company;Honda
3627;kms_driven;12700
2806;kms_driven;12000
3008;mileage;40.0
1167;power;66.4
2370;mileage;40.0
1174;price;80000
1083;price;190000
2369;model;Gixxer
4084;mileage;5.0
751;price;25000
2369;power;14.6
3649;model;Duke
2715;kms_driven;2800
1190;owner;second
98;kms_driven;7000
3829;model_year;2014
956;model_year;2017
772;owner;second
2515;price;175000
2822;company;Hero
2563;model;Thunderbird
1475;model_year;2019
1589;price;50000
1496;mileage;35.0
3772;model;Standard
2577;company;Royal-Enfield
2091;mileage;35.0
3782;owner;first
3694;power;27.2
1262;company;Suzuki
1160;company;Royal-Enfield
1595;model_year;2016
160;model_year;2016
768;company;Yamaha
3268;location;nashik
1682;kms_driven;39907
2183;model;V15
3017;power;27.2
3412;mileage;35.0
1436;model;Gixxer
2635;company;Royal-Enfield
1785;kms_driven;7350
3489;owner;first
2999;model;Avenger
643;model_year;2019
1644;mileage;42.0
3653;kms_driven;23544
395;location;mumbai
3682;company;Harley-Davidson
1579;location;delhi
3909;mileage;40.0
1377;kms_driven;11000
97;company;Yamaha
3562;location;delhi
901;model_year;2018
2243;price;59800
446;price;98000
2456;mileage;26.0
1135;kms_driven;3000
1621;location;delhi
127;company;TVS
226;power;19.8
1729;power;11.8
2896;location;mumbai
366;company;Suzuki
3944;power;16.7
3771;price;20000
2313;model_year;2015
1766;company;Royal-Enfield
2054;owner;first
498;owner;first
2018;company;Hero
3583;kms_driven;32000
392;model;Classic
972;location;delhi
710;kms_driven;15000
3617;owner;first
2525;model;Gixxer
1427;model_year;2019
354;power;19.0
2163;kms_driven;11000
339;company;TVS
1121;model_year;2016
3311;model;Thunderbird
3910;price;38000
232;company;Bajaj
2790;owner;first
1172;kms_driven;25350
2194;price;29025
2900;location;faridabad
3835;mileage;35.0
326;model;Classic
1217;model;Thunderbird
4060;power;11.0
178;model_year;2014
3502;model_year;2014
2702;kms_driven;4000
3038;model_year;2017
806;owner;first
1618;owner;first
3451;model;Thunderbird
2942;model_year;2017
217;model_year;2016
2926;mileage;20.0
3968;kms_driven;24000
159;mileage;81.0
2131;power;14.6
1732;mileage;43.0
1551;owner;first
2753;power;24.5
2203;power;19.8
1454;mileage;35.0
18;price;141500
3908;model_year;2013
1983;location;bangalore
1704;location;faridabad
1627;kms_driven;55000
466;model_year;2016
4075;model_year;2018
672;location;mumbai
3637;model;Thunderbird
2378;owner;first
3721;location;chennai
658;kms_driven;48853
3916;price;23000
3872;location;delhi
856;location;bangalore
3390;model_year;2015
138;model;V15
3323;company;TVS
1980;kms_driven;60000
3178;power;8.2
1152;owner;first
2881;kms_driven;12900
1799;kms_driven;26000
3330;owner;first
399;model_year;2016
2216;location;navi mumbai
3428;power;19.8
2585;mileage;25.0
1263;kms_driven;48000
2778;power;19.8
2651;price;385200
2039;kms_driven;3500
2657;model;Duke
2727;price;175000
474;price;75000
3204;owner;first
3488;price;161793
1178;location;bangalore
2789;model;CBZ
1261;kms_driven;24528
2912;company;Hero
213;owner;first
3180;kms_driven;14000
1293;power;19.0
1586;mileage;20.0
1680;kms_driven;30000
2930;location;dehradun
1273;company;Hero
2101;kms_driven;35000
408;company;UM
2783;kms_driven;19000
3169;company;Bajaj
2944;company;UM
1261;owner;first
3281;model;Ninja
1188;owner;first
2802;model_year;2017
3943;model;Pulsar
2127;kms_driven;25000
1342;power;27.2
1027;price;68000
852;kms_driven;19000
3493;model_year;2012
751;owner;first
2034;owner;first
3899;owner;second
3293;price;30000
1078;company;KTM
1103;power;19.8
3312;kms_driven;75000
1998;price;140000
2802;kms_driven;350
431;model;Classic
1788;location;mumbai
3792;kms_driven;8133
2703;company;Hero
222;location;chittorgarh
1115;company;Royal-Enfield
1123;model;Thunderbird
3477;model;Pulsar
348;price;62000
2821;kms_driven;26000
1452;model;Duke
4038;location;delhi
3372;owner;first
633;power;27.2
2256;price;67000
780;owner;first
2919;price;61000
1478;price;140200
3184;mileage;35.0
3117;mileage;40.0
306;kms_driven;13000
361;model;Avenger
982;model_year;2013
81;company;Royal-Enfield
1462;power;47.0
2086;model_year;2016
1904;location;kolkata
505;mileage;35.0
1349;company;Royal-Enfield
881;model;CBR
2479;power;24.8
3251;kms_driven;10000
2827;owner;first
2489;power;19.8
1412;owner;first
3974;mileage;50.0
1579;kms_driven;16000
1166;kms_driven;900
2812;model;Renegade
1223;mileage;25.0
1035;company;KTM
1380;owner;first
640;power;21.0
3120;owner;first
3116;location;delhi
3869;price;68000
28;owner;first
3780;model;Duke
3321;owner;first
1146;model_year;2010
1739;power;27.2
3018;model_year;2017
485;company;Bajaj
1699;owner;first
2661;owner;first
138;company;Bajaj
1528;kms_driven;10000
812;location;pune
2375;price;115000
307;owner;first
2009;power;67.2
1496;location;bangalore
582;power;27.2
677;owner;first
1467;model;Street
339;model;Apache
3783;model_year;2011
635;kms_driven;60000
1517;mileage;45.0
3977;model;Discover
3392;mileage;40.0
772;mileage;35.0
3167;price;75000
2867;price;85000
3050;model_year;2012
3702;owner;first
1;model;Avenger
180;location;delhi
1640;company;Suzuki
3267;model_year;2016
2442;owner;first
1238;company;Hero
2717;owner;first
2161;owner;first
969;model_year;2013
1282;model_year;2016
572;model;Pulsar
2757;model;Splendor
4053;price;30000
4058;company;Hero
2174;kms_driven;10000
2201;model;Avenger
1200;model;Renegade
1458;company;Royal-Enfield
3958;company;Royal-Enfield
3914;power;8.2
2719;model;Avenger
797;power;19.0
3785;owner;first
1566;location;ghaziabad
487;kms_driven;19000
815;model;Himalayan
901;mileage;40.0
2670;model;Pulsar
2878;kms_driven;20000
1192;power;14.0
2127;mileage;20.0
128;price;110000
2636;mileage;35.0
1788;company;Harley-Davidson
2511;mileage;40.0
997;power;17.0
1659;model;Glamour
541;model;Standard
2472;model_year;2012
3262;power;11.0
605;price;19051
2177;model;Classic
1357;kms_driven;16000
3984;model_year;2018
1355;mileage;40.0
2210;location;chandigarh
321;price;70000
1373;model;Classic
2270;model;Thunderbird
1102;kms_driven;18000
146;power;19.8
3861;kms_driven;3200
1336;power;19.8
617;power;19.8
2355;model_year;2015
1230;model;Avenger
3852;location;bangalore
3954;power;19.8
1792;model_year;2008
2089;company;KTM
812;kms_driven;29000
2201;company;Bajaj
463;power;8.9
773;owner;first
1466;kms_driven;8900
1052;power;19.8
2660;kms_driven;12000
682;owner;first
635;power;7.5
3827;price;119000
3763;location;mumbai
1267;price;35000
3703;model;Renegade
3877;company;Hero
2244;location;chandigarh
373;owner;first
3306;kms_driven;70000
446;location;bangalore
3722;price;61700
1451;price;259375
2521;model_year;2014
2320;company;Royal-Enfield
3924;mileage;25.0
2978;model;Bullet
3926;location;delhi
2521;owner;first
2399;price;133920
1448;power;19.8
1849;kms_driven;2000
2626;price;90000
1288;power;19.8
3741;owner;second
1298;kms_driven;13887
2796;mileage;48.0
3019;kms_driven;36522
2780;model_year;2013
1827;company;KTM
2440;owner;first
2669;kms_driven;11600
29;owner;first
637;model_year;2018
3999;mileage;60.0
4051;model;Gixxer
2715;price;181000
1047;price;175000
2356;model;HF
2373;power;19.8
3810;power;19.8
99;power;19.8
1934;company;Royal-Enfield
700;mileage;35.0
1388;power;12.32
1635;power;13.8
3373;owner;first
355;company;Hero
487;location;delhi
1661;power;29.1
3728;model;Classic
3718;price;215000
306;company;Royal-Enfield
805;model;Splendor
3223;location;delhi
826;owner;first
2157;price;40000
609;price;55000
3037;company;Royal-Enfield
3360;price;95000
2256;location;surat
249;company;Bajaj
1295;price;125100
1616;company;Hero
3298;owner;first
1048;company;Bajaj
2618;mileage;35.0
1319;location;mumbai
3104;power;9.0
85;company;Hero
253;power;19.0
734;kms_driven;31773
499;company;Royal-Enfield
3576;power;16.0
1912;model_year;2015
2345;model;Classic
130;kms_driven;38998
3391;owner;first
301;company;Bajaj
1869;company;Bajaj
2818;owner;second
3009;owner;first
361;company;Bajaj
258;mileage;65.0
2944;location;faridabad
3387;kms_driven;48000
252;power;13.0
812;model;Thunderbird
662;power;11.64
1259;mileage;40.0
1623;kms_driven;40000
3628;kms_driven;45000
1343;kms_driven;11186
3443;price;26900
1164;mileage;18.0
432;model;Pulsar
4019;power;7.5
263;power;8.2
954;location;lucknow
616;owner;first
771;model;Pulsar
406;power;8.2
3971;location;jaipur
1706;model_year;2013
1998;model;Classic
3062;kms_driven;4000
2344;company;Hero
1861;price;500000
1023;power;11.64
1949;model;Classic
69;owner;first
4096;price;120000
1214;location;mumbai
4007;price;35000
3032;power;8.9
3103;power;14.3
2145;kms_driven;40000
1890;price;120000
2282;model_year;2015
1617;power;14.0
532;model_year;2017
1903;location;delhi
2881;mileage;45.0
1658;company;Bajaj
2465;location;jodhpur
1848;model;HF
1988;company;Royal-Enfield
3536;owner;first
1300;model_year;2015
1553;owner;first
2091;model_year;2018
831;power;14.3
3618;kms_driven;25000
1826;model_year;2018
3652;model;Bullet
3601;price;103000
3268;model;RC
2904;kms_driven;12500
3930;kms_driven;27000
1390;company;Hero
3782;mileage;25.0
473;owner;first
138;kms_driven;25300
2469;kms_driven;51000
2797;model;Pulsar
779;kms_driven;24000
3856;kms_driven;63664
104;model;Apache
686;mileage;45.0
2927;mileage;25.0
1298;power;13.0
424;company;Bajaj
2823;model;Discover
3265;location;pune
1024;mileage;40.0
2356;mileage;83.0
17;owner;first
3315;mileage;25.0
2928;owner;first
91;company;Bajaj
1195;price;20000
2405;model;Bullet
3534;owner;first
1201;model;Glamour
2552;owner;first
2916;location;mumbai
1009;company;Bajaj
665;power;11.8
3759;power;19.8
3486;owner;first
3480;mileage;64.0
934;company;KTM
3467;power;19.0
8;power;24.5
3237;model_year;2017
3629;kms_driven;10000
3927;kms_driven;34827
837;price;95000
2397;price;18000
3790;company;Bajaj
1595;price;50000
1631;model_year;2016
2960;location;surat
2863;kms_driven;28000
1647;owner;first
832;owner;fourth
1660;owner;first
1310;company;KTM
1456;mileage;26.0
3771;kms_driven;34623
246;price;65000
1184;kms_driven;19979
978;company;Bajaj
3763;owner;first
2001;kms_driven;33596
72;power;7.91
2220;price;1450000
2453;power;8.24
3093;model_year;2016
1167;owner;first
1687;power;19.8
61;company;Bajaj
2165;company;Hero
1919;model_year;2018
1808;owner;first
2001;mileage;55.0
4016;kms_driven;6742
1128;model;Splendor
2906;model_year;2016
3953;model;Passion
1358;model;V15
2776;model_year;2016
651;power;21.0
2219;owner;first
4087;mileage;53.0
3070;power;14.3
4019;mileage;55.0
1473;company;Bajaj
3852;power;19.0
1837;model_year;2014
3990;model_year;2017
444;mileage;38.0
3256;company;KTM
1103;kms_driven;10000
1160;model;Classic
2826;power;14.2
1205;power;19.0
2553;power;15.0
2192;location;pune
1464;kms_driven;10000
1741;mileage;84.0
1750;kms_driven;18000
2062;company;Bajaj
2059;power;21.0
3518;power;47.0
538;model;Classic
63;kms_driven;16000
2930;model;Street
991;owner;first
3246;company;Suzuki
2129;model;Iron
3037;kms_driven;5000
3822;owner;first
1214;owner;second
781;price;70000
247;model;Pulsar
3459;kms_driven;47042
3388;model;Star
439;company;Royal-Enfield
1630;location;bangalore
2012;model_year;2013
2670;owner;first
3882;price;26000
2079;model;Pulsar
3323;kms_driven;16000
2944;power;24.8
1193;power;21.0
2390;power;19.8
1829;mileage;81.0
1282;mileage;27.0
1945;model;Discover
1658;location;gurgaon
737;kms_driven;22352
1977;company;Royal-Enfield
205;model;Thunderbird
3524;owner;first
3502;price;400000
1696;power;19.8
2168;company;Hero
1154;company;KTM
376;owner;first
26;owner;first
3614;location;jaipur
3980;power;25.1
2813;price;75000
379;owner;second
3472;owner;first
139;price;132000
2892;owner;first
1670;owner;first
1239;mileage;65.0
63;power;19.8
1899;kms_driven;5600
2075;model_year;2012
2748;kms_driven;29305
3953;price;15000
1153;price;88057
1764;owner;first
1160;location;bangalore
2339;company;KTM
1294;company;Royal-Enfield
1349;power;19.8
1668;model_year;2013
2946;power;43.0
3224;model;Bullet
961;mileage;35.0
4089;model;CD
2190;mileage;42.0
3376;location;faridabad
1793;power;13.0
1768;mileage;40.0
3887;kms_driven;19000
3731;kms_driven;24370
695;owner;first
2461;model_year;2013
1111;model;Duke
368;model_year;2010
891;company;Bajaj
4075;mileage;40.0
1219;model_year;2018
2806;price;120000
119;mileage;35.0
708;power;19.0
366;kms_driven;25200
1981;owner;second
1241;power;17.0
3521;model_year;2013
1081;location;delhi
3164;model_year;2014
156;mileage;5.0
841;company;Royal-Enfield
3988;power;8.2
3641;kms_driven;20000
3111;price;41500
1782;price;70000
1826;location;delhi
110;kms_driven;14500
2601;price;42000
1174;model_year;2012
348;mileage;38.0
3036;model_year;2016
805;price;59000
3405;company;Royal-Enfield
3899;price;99000
1963;company;TVS
800;owner;second
3425;mileage;20.0
1470;mileage;40.0
4063;model_year;2011
4042;company;Hero
3824;location;delhi
2912;price;20000
2500;location;delhi
2594;mileage;40.0
76;price;35000
9;mileage;40.0
469;model;Classic
1270;mileage;42.0
1810;price;115000
2020;price;145250
3832;company;Harley-Davidson
2251;mileage;50.0
1320;mileage;53.72
3928;power;11.8
1743;power;19.8
717;mileage;75.0
395;model_year;2013
3079;model;YZF-R15
2819;mileage;39.4
3452;model_year;2017
270;price;57000
118;owner;first
4084;model_year;2014
2275;company;Hero
743;power;14.0
1802;company;Royal-Enfield
1327;location;delhi
2666;location;gurgaon
3468;kms_driven;15000
1901;model;Gixxer
1773;owner;first
1779;company;Royal-Enfield
229;model_year;2019
3483;model;Thunderbird
1412;kms_driven;11560
500;model;Classic
48;company;Yamaha
263;price;37462
2784;price;45602
2120;power;24.6
2;model_year;2016
84;owner;first
3442;location;ludhiana
3036;power;19.0
1626;price;220000
649;power;21.0
306;location;navi mumbai
988;model;Passion
1366;power;19.1
2971;price;195000
3073;kms_driven;50000
1110;model_year;2013
3169;price;48750
3635;company;Bajaj
3101;model_year;2015
3493;location;pune
976;model;Ninja
602;price;21100
56;model_year;2017
1771;location;coimbatore
628;power;14.6
1191;model;Splendor
2401;location;pune
746;power;19.8
3782;location;mumbai
2646;location;delhi
2234;kms_driven;30000
938;kms_driven;16090
337;owner;first
4060;model;Ignitor
696;price;265000
2832;kms_driven;13580
3790;price;69600
2961;company;Bajaj
2590;model;Bullet
3148;price;33000
2135;mileage;25.0
3501;price;130000
285;company;UM
2409;model;Avenger
304;mileage;40.0
1242;location;delhi
468;model_year;2019
2318;mileage;40.0
2532;price;150000
2894;power;19.1
2089;location;hyderabad
503;model;Avenger
3329;company;KTM
3441;location;ahmedabad
325;power;27.2
963;model;Continental
2612;model;RC
164;price;79999
192;model_year;2017
2867;location;bangalore
3032;model;Glamour
535;mileage;30.0
335;company;Bajaj
666;price;15500
438;price;10200
1905;model;Avenger
2296;company;Yamaha
578;company;Royal-Enfield
2045;model;Classic
203;company;Royal-Enfield
2220;location;delhi
3075;location;delhi
1327;owner;second
2641;owner;first
3591;kms_driven;23000
2396;kms_driven;12000
1731;mileage;25.0
116;kms_driven;7000
660;location;delhi
3485;model;Classic
1939;model_year;2017
2900;mileage;67.0
3638;location;mumbai
2032;power;19.8
3434;model_year;2011
2509;price;145000
795;model_year;2017
1132;power;17.0
334;location;delhi
235;kms_driven;30000
2647;mileage;25.0
1126;owner;first
1459;location;mumbai
996;kms_driven;40000
1930;location;delhi
1824;owner;first
657;kms_driven;10000
3590;power;27.2
3807;kms_driven;8252
178;power;14.0
4082;price;30000
3267;mileage;37.0
2473;model;Avenger
671;location;mumbai
2233;model;Continental
28;model_year;2015
2472;company;Hyosung
899;company;UM
3686;kms_driven;9500
1406;location;mumbai
2222;model;V15
3847;model_year;2015
1161;kms_driven;14000
3017;owner;first
392;company;Royal-Enfield
2851;power;28.0
2851;model;GT250R
2838;power;8.1
1987;kms_driven;60000
3781;mileage;48.0
3518;price;311000
2463;location;lucknow
3602;power;27.2
2389;mileage;35.0
3815;mileage;25.0
1598;kms_driven;19845
1436;price;85000
2145;price;10500
1564;power;19.8
1877;mileage;35.0
135;location;hyderabad
1182;model;Bullet
954;company;Yamaha
3476;kms_driven;22000
3604;location;bangalore
1967;model_year;2014
424;power;19.0
3612;power;19.0
3768;model;YZF-R15
1071;price;45000
3081;model;Avenger
122;location;bangalore
453;power;11.64
2228;kms_driven;25000
2670;mileage;65.0
2186;price;100000
1261;model;YZF-R15
1535;kms_driven;8000
2294;mileage;12.5
2314;owner;first
2191;power;19.8
2391;mileage;65.0
3232;company;Bajaj
2076;power;13.0
2022;price;168000
3063;price;80000
640;price;72000
2122;model;Splendor
2340;location;mumbai
3325;mileage;55.0
3466;kms_driven;3650
561;location;delhi
2036;power;25.1
2695;model;Classic
2841;location;delhi
1811;price;110000
2799;power;43.0
114;power;19.1
125;power;14.0
384;mileage;55.0
3218;power;44.0
2493;price;75000
7;owner;first
4084;price;32000
3753;mileage;55.0
2254;price;45000
4029;location;tiruvallur
1721;model;Pulsar
890;model;FZS
3023;kms_driven;12000
3150;company;Hero
3152;location;jaipur
3066;location;rajkot
2434;power;26.21
3127;power;27.2
3513;owner;first
2930;mileage;20.0
2460;company;Bajaj
1942;model;Classic
1001;model_year;2017
2285;location;ludhiana
1635;mileage;65.0
2570;company;Hero
2327;price;42000
2771;company;Royal-Enfield
968;power;19.8
191;kms_driven;700
757;company;Royal-Enfield
3401;model;CBR
2809;owner;first
571;model;YZF-R15
1951;model_year;2019
3757;kms_driven;28661
4070;mileage;65.0
3061;power;19.8
3860;price;116400
3333;model_year;2017
961;owner;first
1692;price;155000
3079;mileage;42.0
1425;model_year;2020
2984;price;100000
2479;model_year;2016
804;owner;first
2653;power;12.9
3269;price;26950
2313;mileage;95.0
2952;kms_driven;3000
3470;model;Classic
584;company;Bajaj
2426;kms_driven;9767
130;power;19.8
1261;power;16.7
1475;power;19.8
3034;location;mumbai
1501;price;130000
3123;mileage;35.0
1232;power;19.8
2664;model;RC
2994;owner;second
698;power;19.8
3049;company;Hero
3049;kms_driven;39000
3547;model_year;2017
3742;model_year;2012
2482;power;24.8
2481;model_year;2016
696;owner;first
534;price;46400
2392;location;bangalore
727;price;92000
1215;model;Classic
1824;model;YZF-R15
1597;owner;first
3646;price;14000
1578;location;delhi
2874;owner;first
3289;company;Yamaha
2408;kms_driven;9946
821;mileage;95.0
99;model;Classic
1971;model_year;2013
2415;model_year;2017
3575;model_year;2017
2031;company;Royal-Enfield
1128;company;Hero
1259;location;delhi
817;mileage;35.0
1065;owner;first
2746;model_year;2013
373;mileage;35.0
3699;owner;first
3169;kms_driven;6726
3821;price;75000
3383;kms_driven;20000
2979;kms_driven;40000
2012;owner;first
2897;model_year;2015
3154;company;Hero
1780;owner;first
4032;price;21000
2425;power;19.8
3181;location;mumbai
1720;model_year;2016
3568;kms_driven;18000
1391;owner;first
156;model_year;2014
2781;mileage;20.0
56;model;YZF-R15
2596;kms_driven;59000
2796;model;Karizma
3070;model_year;2017
2453;kms_driven;22000
2821;mileage;42.0
2019;mileage;32.0
3958;location;chennai
177;power;19.8
1036;owner;fourth
1264;model;CB
2352;company;Bajaj
4028;mileage;45.0
2861;power;8.2
4085;model;Pulsar
182;owner;first
2261;power;67.2
3274;model;CT
1268;kms_driven;4000
1393;company;Royal-Enfield
331;model;Classic
3124;price;105000
257;model;Thunderbird
2444;location;delhi
1693;model_year;2013
4092;company;Bajaj
1802;owner;first
1318;mileage;35.0
1971;price;70000
1365;mileage;35.0
289;power;12.32
2611;owner;first
4000;owner;first
3459;location;bangalore
2497;owner;first
3677;power;27.2
2644;owner;first
948;model;Thunderbird
3201;model_year;2016
2587;model;Passion
3363;model;Avenger
2520;kms_driven;30000
1907;power;10.72
818;price;35000
3409;company;Royal-Enfield
986;company;Bajaj
2031;kms_driven;65000
2647;price;171125
3948;price;108000
722;location;jaipur
2166;owner;second
2333;owner;first
2241;model;Pulsar
1911;power;11.8
2828;power;9.0
2138;price;233437
3058;power;26.0
3583;location;delhi
3730;company;Yamaha
1066;model_year;2014
1575;mileage;42.0
3109;model;Gixxer
1958;model;Pulsar
2359;model_year;2017
814;mileage;55.47
1004;company;Bajaj
36;price;54468
1954;company;Royal-Enfield
667;mileage;55.0
3779;company;Honda
2336;mileage;25.0
2241;company;Bajaj
27;kms_driven;14000
2027;location;bangalore
3408;model;Thunderbird
495;power;15.0
2210;price;125000
2921;mileage;40.0
3318;kms_driven;2800
1616;location;gurgaon
786;model_year;2018
3670;model;CB
2008;mileage;18.0
3907;price;120000
1409;price;28000
3333;mileage;40.0
215;power;8.1
2669;model;Classic
3678;model;Passion
6;model;Duke
2189;price;95000
815;owner;first
1054;model_year;2015
67;location;ahmedabad
1688;mileage;35.0
548;location;jaipur
1619;power;19.0
688;model_year;2016
4043;company;Hero
3194;company;KTM
971;owner;first
1493;mileage;22.0
356;power;24.5
2630;price;55000
973;owner;first
2618;company;KTM
3066;price;61000
2550;location;hyderabad
1505;mileage;83.0
3192;company;Royal-Enfield
3010;company;Royal-Enfield
3177;power;14.6
974;model;Renegade
646;kms_driven;22000
2399;owner;second
671;owner;first
674;model;Apache
1344;price;75400
2385;company;Hero
2583;location;bangalore
2885;model;GT650R
1987;mileage;53.0
1382;mileage;40.0
3425;model;Street
1863;kms_driven;90000
1785;model;Aquila
956;mileage;35.0
2904;price;70000
1637;price;25600
3724;location;delhi
2163;owner;first
2729;model;FZs
1082;kms_driven;17000
4023;kms_driven;25999
2267;owner;first
1344;model;Avenger
3409;price;200000
528;mileage;35.0
1878;mileage;32.0
3563;mileage;35.0
68;owner;first
4003;owner;first
567;power;42.9
1451;model_year;2020
153;price;35000
2302;model;Splendor
486;price;91000
814;model;Xtreme
3393;model;YZF-R15
464;price;120000
2784;power;14.6
1391;power;8.2
3164;company;Royal-Enfield
2555;model_year;2014
451;mileage;52.0
2263;model;Pulsar
3448;company;Hero
4093;model_year;2016
3525;price;70000
790;power;13.0
3279;mileage;25.0
1382;company;Yamaha
3260;owner;first
3504;location;delhi
1365;model_year;2016
1582;power;25.1
3343;model_year;2017
247;model_year;2014
1075;model_year;2011
2184;kms_driven;22112
2343;company;Yamaha
728;price;63000
3695;model_year;2017
3024;model;Karizma
1675;power;24.6
2492;price;140000
3398;price;137500
877;owner;second
636;kms_driven;37650
1084;mileage;5.0
1088;mileage;38.0
1827;model;RC
2135;company;Benelli
3328;model;Passion
3685;model_year;2017
1886;kms_driven;1700
3282;owner;first
1306;location;delhi
3272;price;50000
2249;company;Bajaj
3147;company;Royal-Enfield
2489;kms_driven;23000
111;company;Royal-Enfield
2716;model_year;2010
884;kms_driven;28000
346;power;14.0
269;model_year;2008
809;owner;third
2540;model_year;2017
2479;model;Renegade
1034;mileage;35.0
538;power;19.8
2155;owner;second
2951;model;Pulsar
4022;power;21.0
1122;company;KTM
3202;location;kolkata
2843;company;Bajaj
1112;price;60000
3268;company;KTM
2573;power;14.3
653;location;mumbai
2446;location;nagpur
635;location;bangalore
250;kms_driven;48700
4086;mileage;42.0
2763;company;Royal-Enfield
1897;owner;second
2952;model_year;2017
769;location;mumbai
3304;mileage;35.0
645;owner;second
3133;model_year;2017
3646;model;Hunk
3544;company;Bajaj
3662;model_year;2014
412;mileage;38.0
1019;model_year;2016
2410;location;mumbai
2044;kms_driven;21500
883;price;147100
257;location;chandigarh
1127;power;7.5
1341;kms_driven;17300
939;model;CBZ
3517;mileage;25.0
2037;company;KTM
1740;model_year;2016
3957;price;46506
2919;power;21.0
4040;price;19000
2663;price;76000
2360;company;TVS
3402;model_year;2016
3665;power;47.0
3679;model;Passion
968;owner;first
3504;model;Street
3818;power;20.3
3235;mileage;65.0
3045;location;mumbai
740;model;Himalayan
3064;power;19.8
1845;kms_driven;11000
2393;price;90000
3574;company;Bajaj
631;kms_driven;20000
2690;owner;first
3107;power;8.0
1438;location;indore
2570;mileage;40.0
3979;company;Royal-Enfield
3442;company;Hero
3751;model_year;2015
1201;power;9.0
4077;kms_driven;113000
1943;company;Honda
2680;location;jaipur
2217;location;mumbai
3137;power;19.8
1403;power;17.0
116;location;chandigarh
1454;kms_driven;4500
3571;model;Classic
1428;power;19.8
1011;location;delhi
3501;model;GT250R
908;kms_driven;4000
3778;owner;first
1618;company;Hero
1226;company;Royal-Enfield
1860;price;35000
1844;model;V15
2439;kms_driven;15000
2652;kms_driven;9000
1549;power;41.4
1999;price;29900
3473;location;delhi
1372;price;36000
116;company;Royal-Enfield
2712;model_year;2016
2838;owner;first
3128;price;48000
3258;kms_driven;5000
277;power;26.1
2985;model;Pulsar
2047;company;Hero
904;kms_driven;10300
531;kms_driven;7200
2630;location;bangalore
3815;power;42.9
3515;owner;first
352;mileage;35.0
330;kms_driven;37000
1933;price;18000
2294;power;197.3
1452;owner;first
3249;model_year;2017
3854;model;FZs
1888;mileage;26.0
2378;company;Hero
1955;owner;first
4091;location;mumbai
2422;owner;third
2058;model;Continental
3864;model_year;2010
2694;model_year;2018
405;location;mumbai
2664;power;14.0
2236;model_year;2018
1564;model;Classic
1106;model;RC
1469;model_year;2019
3487;kms_driven;4500
360;kms_driven;14400
914;price;200000
679;owner;first
2946;company;KTM
153;power;13.0
2797;company;Bajaj
829;mileage;53.0
3122;model_year;2018
3930;price;24000
3935;kms_driven;31085
962;price;93500
3702;company;Mahindra
350;mileage;65.0
1199;owner;first
3550;price;146000
342;company;Royal-Enfield
2095;kms_driven;13500
3358;company;Royal-Enfield
2413;power;25.0
3235;kms_driven;40000
1125;mileage;40.0
2805;model;Street
1332;model;HF
1068;owner;first
2167;mileage;55.0
3722;model_year;2017
3242;model;Himalayan
888;power;67.2
1247;power;16.7
415;kms_driven;37000
137;kms_driven;31000
595;kms_driven;35000
2061;price;38000
2595;model;Avenger
2979;location;ghaziabad
2905;company;Triumph
255;model;Pulsar
4010;owner;first
4053;kms_driven;18168
773;power;19.0
2164;kms_driven;600
1980;price;28000
2533;model;Hunk
1529;mileage;42.5
173;model;Thunderbird
1736;owner;first
3602;model_year;2014
2388;company;Royal-Enfield
2921;model_year;2014
1153;company;Royal-Enfield
3341;mileage;35.0
3167;model;Avenger
3114;location;gurgaon
2293;model_year;2018
861;price;36550
1861;power;47.0
2328;model_year;2019
479;location;pune
3069;model;Classic
2074;owner;first
981;company;Royal-Enfield
229;price;195000
1469;location;mumbai
3991;model;CT
3760;company;UM
2801;model;Thunderbird
1422;company;KTM
2755;location;delhi
3634;owner;first
1104;company;Benelli
171;model_year;2019
1165;mileage;89.0
1997;company;Yamaha
3271;location;chennai
3871;owner;first
1525;owner;first
1596;kms_driven;70927
2260;company;KTM
4053;model;Passion
511;price;41000
643;model;Gixxer
2030;location;delhi
850;mileage;25.0
3887;power;19.8
1610;location;delhi
2591;model_year;2014
344;owner;first
2081;model_year;2014
203;power;19.8
2731;mileage;38.0
2222;price;25500
3416;model_year;2017
2843;price;35000
1673;kms_driven;56735
2521;power;27.2
1288;model_year;2017
3365;model;Avenger
3297;price;128000
1886;power;11.8
1673;mileage;64.0
3298;power;24.5
2428;power;16.7
3323;location;gurgaon
4072;owner;first
661;price;58900
4066;model_year;2011
2025;model;RC
3122;company;Hero
3296;location;gurgaon
934;location;jaipur
1073;mileage;40.0
3502;power;47.0
1579;model;Classic
2878;price;49999
2594;kms_driven;3200
3114;model_year;2016
2606;power;27.2
726;mileage;45.0
3790;power;19.0
4081;mileage;65.0
2577;power;27.2
2309;company;Royal-Enfield
724;location;ludhiana
1426;power;8.2
1712;model;Duke
1570;kms_driven;7400
783;location;hyderabad
3397;company;Royal-Enfield
2149;location;kolkata
3195;model_year;2014
2824;kms_driven;19808
3486;kms_driven;4500
2011;power;20.3
3743;model;Pulsar
4099;power;11.8
3786;location;delhi
3953;location;faridabad
926;model_year;2016
564;price;40000
312;kms_driven;25700
2665;model_year;2018
3623;location;mumbai
3437;power;8.17
2639;kms_driven;6000
2707;power;8.2
6;kms_driven;1350
1396;model;Pulsar
2460;kms_driven;17000
2459;owner;first
978;price;31694
2488;kms_driven;25700
1894;owner;first
1655;model;FZS-FI
1667;price;42400
3501;location;delhi
2793;model;Z650
1686;location;bangalore
997;mileage;65.0
1115;mileage;40.0
163;company;Bajaj
981;owner;first
2672;location;delhi
525;company;Royal-Enfield
1187;mileage;81.0
2495;company;UM
2301;model_year;2020
2224;price;144500
2035;owner;first
3898;kms_driven;26724
1764;kms_driven;11000
2631;company;Bajaj
2806;power;19.8
4015;price;21101
1733;model_year;2007
1798;company;Royal-Enfield
2277;owner;first
17;kms_driven;10168
666;model_year;2008
344;price;60000
2559;power;37.73
131;price;38000
2011;price;108937
2572;mileage;37.0
1830;location;delhi
3947;price;23000
507;company;Royal-Enfield
140;price;110000
2097;owner;first
1120;power;13.0
3111;location;delhi
1206;location;mumbai
183;model_year;2009
113;location;chandigarh
3400;model;CD
3992;owner;first
605;kms_driven;46000
1861;model;Street
126;kms_driven;39000
2952;mileage;35.0
52;mileage;26.0
258;kms_driven;28000
53;owner;first
214;company;Hero
3011;price;40000
3547;model;Avenger
3768;kms_driven;17892
1309;price;130000
2597;company;Royal-Enfield
2648;location;hyderabad
1843;owner;first
646;model_year;2011
104;location;delhi
2198;price;41000
3482;power;24.6
3129;mileage;35.0
1525;company;Royal-Enfield
2661;company;Royal-Enfield
2009;price;515000
902;kms_driven;9776
2815;company;KTM
1684;mileage;45.0
292;power;27.2
4067;price;26000
2301;location;delhi
423;mileage;53.0
769;model_year;2019
3360;mileage;45.0
2963;mileage;35.0
2151;location;ambala
3800;kms_driven;15327
3749;model_year;2011
3727;power;12.32
3;mileage;30.0
3433;company;Kawasaki
1347;model_year;2012
2348;company;Hero
2778;owner;first
536;model;Classic
154;power;19.8
1613;power;13.0
3587;mileage;35.0
2760;kms_driven;1850
569;kms_driven;10428
747;model_year;2020
2739;mileage;50.0
2918;company;Yamaha
735;model;Bullet
3363;model_year;2016
1633;company;Yamaha
635;model_year;2001
2072;location;delhi
2492;model_year;2017
3193;location;gurgaon
3441;owner;second
2267;mileage;35.0
1783;location;pune
657;company;Yamaha
764;price;88000
2402;mileage;35.0
1154;location;delhi
3962;mileage;65.0
3003;power;16.7
1069;location;jaipur
3081;price;50000
2770;model_year;2017
1357;company;Royal-Enfield
770;price;45000
2272;model_year;2014
3623;owner;first
3385;mileage;81.0
3309;location;delhi
3555;company;Honda
2508;owner;first
2699;company;Bajaj
130;mileage;40.0
1706;price;34720
1945;price;17250
1395;mileage;35.0
722;model;Pulsar
3812;company;Bajaj
4069;owner;first
3229;mileage;32.0
2150;price;24000
2910;location;noida
1614;power;15.0
2286;model;Pulsar
2020;kms_driven;12000
2025;owner;first
3348;kms_driven;1480
1375;power;19.8
1194;model_year;2019
1662;location;kolkata
16;model_year;2015
3083;price;103500
3854;kms_driven;12000
1083;location;pune
3430;owner;first
72;kms_driven;956
2833;kms_driven;8000
544;price;80000
2324;company;Royal-Enfield
2133;model;Renegade
2474;model;Thunderbird
2481;location;bangalore
3532;model;Passion
2141;company;Benelli
3097;owner;first
1907;model_year;2020
1668;location;bangalore
2117;mileage;40.0
3983;company;Hero
1310;owner;first
145;company;Royal-Enfield
3681;mileage;40.0
3716;power;19.8
1594;location;gurgaon
478;power;17.0
2037;power;25.1
1631;kms_driven;25760
3139;power;13.0
1974;mileage;65.0
1201;company;Hero
3432;kms_driven;21000
36;mileage;63.0
560;model_year;2018
4058;model_year;2005
1859;price;125000
1462;model;Street
894;owner;fourth
638;power;11.64
2514;model_year;2017
300;power;18.3
226;location;ludhiana
3629;owner;first
1588;kms_driven;6400
1275;power;21.0
2876;location;bangalore
732;price;45000
3915;company;Royal-Enfield
254;model_year;2016
2237;company;Yamaha
712;model;YZF-R15
2972;location;pune
1539;kms_driven;30000
3878;price;200000
2814;mileage;35.0
2265;power;19.8
946;price;155800
1750;model_year;2007
402;kms_driven;97000
2322;model_year;2013
2100;price;146000
2828;price;48015
2788;model;Forty
2257;price;22000
1294;location;chandigarh
103;mileage;40.0
53;mileage;42.0
942;power;27.2
1538;owner;first
3465;company;Bajaj
3384;company;TVS
3994;model_year;2018
1972;kms_driven;36000
2696;model_year;2013
1060;kms_driven;12000
112;model_year;2018
1539;price;80000
1677;price;135000
3265;mileage;65.0
184;kms_driven;1500
755;model;Duke
2003;location;mumbai
3190;owner;second
108;company;KTM
2438;company;Bajaj
4012;location;ludhiana
869;company;Suzuki
2022;model;Classic
434;power;21.0
107;company;Bajaj
3830;model;Thunderbird
197;model_year;2020
2625;power;19.0
3331;company;Yamaha
127;location;patna
492;price;140000
594;owner;first
3317;model;Bullet
965;mileage;60.0
3141;owner;first
2334;model;Bullet
3980;location;mumbai
181;company;Suzuki
3699;kms_driven;22700
567;price;131700
543;price;57501
3040;mileage;40.0
3009;power;12.92
3686;price;196500
3345;model;FZ25
2405;kms_driven;13000
1061;model;Classic
135;price;39000
1820;model_year;2015
2136;company;Harley-Davidson
2406;location;chennai
3299;model_year;2015
87;model;RC
460;power;10.9
181;power;14.0
217;location;bangalore
1915;company;Royal-Enfield
3839;kms_driven;6000
3962;company;Bajaj
1349;location;delhi
4075;kms_driven;20000
3631;location;delhi
2605;location;mumbai
3273;price;140000
2021;mileage;26.0
1861;kms_driven;6812
674;company;TVS
143;power;19.8
486;model_year;2019
1367;kms_driven;17700
2022;model_year;2019
2844;model;CT
2793;mileage;30.0
228;price;100000
483;power;19.8
3386;kms_driven;38554
1253;model;Classic
2710;price;29999
2736;model;Thunderbird
2702;company;Hero
3220;owner;first
3788;model_year;2011
1913;company;Honda
1728;model;Pulsar
384;location;gurgaon
1710;model;GT250R
206;price;105000
2365;model_year;2019
3077;model;Classic
2995;mileage;35.0
413;company;Royal-Enfield
86;owner;first
906;kms_driven;24520
910;model_year;2018
1259;kms_driven;30300
3783;owner;first
2639;mileage;35.0
1336;model_year;2014
2383;mileage;42.0
509;model;YZF-R15
2559;model;TNT
580;price;92000
1957;owner;first
2043;model;Classic
4042;model;CBZ
1797;model;Bullet
2917;location;chennai
332;location;mumbai
95;mileage;25.0
3613;mileage;26.0
2402;price;100000
1860;kms_driven;33540
17;mileage;45.0
2362;mileage;57.0
2100;model;Classic
845;location;bangalore
2734;location;mumbai
52;kms_driven;1600
1449;location;ahmedabad
1719;owner;first
1866;model;Thunderbird
3064;location;pune
1670;model_year;2014
3541;power;19.8
1099;price;85000
29;model_year;2018
1693;power;27.2
2949;owner;first
3902;owner;first
2035;model_year;2012
1341;company;KTM
2493;model;Thunderbird
136;owner;first
4046;location;delhi
1160;model_year;2017
193;model;Fazer
2801;location;thane
2215;company;Royal-Enfield
269;mileage;53.0
2550;model_year;2015
2836;model;YZF-R15
3599;owner;first
2652;company;Royal-Enfield
587;location;pune
2660;company;Royal-Enfield
1106;company;KTM
3430;company;KTM
1542;model;FZ25
2080;price;22125
1322;owner;first
1626;kms_driven;2700
2876;model;FZs
291;kms_driven;17200
1077;price;85000
2561;power;24.8
1427;price;185000
1307;company;Hero
1642;owner;first
3791;model;Passion
2157;power;17.0
2238;owner;first
1910;model_year;2017
1327;mileage;32.0
1625;price;25000
2294;price;1375000
34;company;Royal-Enfield
380;owner;first
906;power;27.2
781;owner;second
4088;model;Passion
2236;company;Harley-Davidson
714;owner;first
2961;power;14.3
1082;location;rajkot
3386;owner;first
3855;mileage;55.0
3476;owner;first
702;mileage;38.0
3172;owner;first
2900;model;CT
1411;location;hyderabad
1321;power;19.8
1973;location;jaipur
3569;owner;first
2223;power;84.11
2559;price;200000
3976;company;Yamaha
1197;model;Passion
3268;power;42.3
1096;price;138500
1822;location;bangalore
1760;power;19.8
3985;price;48000
3560;model;Classic
3100;kms_driven;10000
3263;mileage;35.0
198;owner;first
710;location;delhi
4010;location;ghaziabad
3176;owner;first
658;company;Bajaj
1608;kms_driven;28500
2712;kms_driven;2000
541;power;26.1
3026;owner;first
4012;mileage;65.0
2696;company;Honda
2627;company;KTM
301;kms_driven;15200
3053;power;14.3
2228;owner;third
1700;model;Thunderbird
3016;mileage;50.0
2329;model_year;2018
2920;kms_driven;10000
3230;mileage;38.0
2031;model_year;2012
1363;price;71300
2820;power;14.2
193;owner;first
1466;mileage;20.0
506;power;11.8
2804;model_year;2017
1051;location;delhi
2344;power;7.7
3745;owner;first
3709;mileage;30.0
3584;kms_driven;3450
2231;power;19.0
1583;power;26.1
2900;owner;first
2279;company;Royal-Enfield
2845;company;Royal-Enfield
3075;kms_driven;11900
487;company;KTM
3757;owner;third
1682;mileage;65.0
1597;model;Himalayan
3263;price;145000
647;company;Royal-Enfield
991;power;19.1
3710;owner;first
1687;location;bangalore
2146;owner;first
736;location;mumbai
3887;model;Thunderbird
1021;kms_driven;25000
324;company;Bajaj
1549;location;ahmednagar
2389;model;Classic
3619;location;ahmedabad
1221;model_year;2019
2235;company;Royal-Enfield
3695;mileage;43.0
2607;location;dehradun
1610;mileage;32.0
1919;owner;first
3540;kms_driven;48000
416;company;UM
2480;owner;second
3309;model;Thunderbird
1839;price;137000
3539;power;19.8
2744;price;90000
1108;kms_driven;17000
1825;model;Classic
2087;model_year;2019
3689;model_year;2017
3617;company;Royal-Enfield
3319;model_year;2010
2522;power;14.0
3447;price;24700
4029;mileage;5.0
802;price;50000
1931;power;19.0
2180;price;60000
3461;company;Bajaj
2991;power;19.8
2988;model;Avenger
1078;power;42.3
3574;power;21.0
824;company;TVS
2629;owner;first
3063;kms_driven;50000
2158;price;147500
2373;mileage;35.0
3158;kms_driven;7000
1133;price;115000
3878;company;KTM
1339;kms_driven;30000
2385;model_year;2012
1222;mileage;30.0
1779;power;19.8
903;mileage;35.0
1501;power;19.8
412;location;delhi
1629;model_year;2016
2284;mileage;19.0
467;model;Pulsar
1524;owner;first
102;price;60000
3765;model;Discover
2897;model;RC
216;mileage;5.0
1226;kms_driven;19000
1165;location;delhi
3542;company;Royal-Enfield
2809;kms_driven;10000
2540;mileage;57.0
2571;model_year;2017
1880;kms_driven;34000
3787;model_year;2016
2946;kms_driven;8000
3077;price;155000
1214;kms_driven;10000
3975;location;chennai
4068;owner;first
1314;price;599999
3241;company;Bajaj
4042;mileage;65.0
3755;owner;first
2447;mileage;35.0
2018;owner;first
3069;model_year;2017
4024;price;60000
196;company;Royal-Enfield
2556;model_year;2016
3076;mileage;35.0
2544;price;38300
3299;price;40000
1222;owner;second
606;power;19.8
3383;location;hyderabad
1964;model;Duke
2382;company;Bajaj
2407;owner;first
811;model_year;2013
4049;price;34000
3797;kms_driven;26236
2248;power;14.3
1482;company;Bajaj
2482;model_year;2017
3325;model_year;2017
2486;company;Yamaha
803;model;RC
3614;mileage;55.0
401;mileage;53.0
781;location;ghaziabad
2327;kms_driven;16000
3740;power;24.8
3365;location;delhi
3051;mileage;35.0
1732;power;20.3
1673;location;vadodara
2271;kms_driven;19000
2791;kms_driven;44000
2563;company;Royal-Enfield
463;model;Glamour
1926;model;Classic
881;location;bangalore
1705;kms_driven;16000
729;price;155000
739;model_year;2019
837;location;bangalore
3261;mileage;65.0
991;model_year;2020
3612;owner;first
3092;location;gurgaon
3388;owner;first
2870;power;14.6
1449;price;142800
400;model_year;2010
3939;kms_driven;16278
2184;mileage;85.0
809;model_year;2013
1634;company;KTM
3476;model;Electra
2396;model;Splendor
957;price;130000
2837;owner;first
2407;model;Street
2004;mileage;40.0
362;owner;first
21;mileage;35.0
1514;model;Classic
3335;kms_driven;6000
3340;company;Royal-Enfield
2604;kms_driven;4000
1843;model_year;2013
1719;company;Royal-Enfield
2622;location;pune
3808;location;hyderabad
1873;kms_driven;2200
2152;mileage;40.0
2524;kms_driven;100000
3459;mileage;38.0
1466;location;mumbai
218;power;14.3
2233;model_year;2017
2413;model_year;2014
1926;model_year;2018
2412;price;150000
1300;price;38000
143;location;hyderabad
2845;location;rohtak
2756;price;48000
2864;model;Passion
2788;company;Harley-Davidson
1818;company;Bajaj
2444;price;120000
455;price;39500
2461;location;bangalore
875;model;RC
3322;kms_driven;13421
2838;model;CT
1534;owner;first
579;company;KTM
3312;location;chennai
4059;location;ludhiana
3213;model;Classic
1083;owner;first
3576;mileage;42.0
2183;mileage;57.0
3842;mileage;42.0
2891;location;jaipur
1801;location;faridabad
1224;price;104000
289;company;Bajaj
3923;power;24.5
2498;kms_driven;14434
1683;company;Royal-Enfield
53;model_year;2008
3815;owner;first
1171;company;Triumph
480;price;58700
1283;kms_driven;21045
378;kms_driven;50000
1011;power;11.8
429;model;Pulsar
1395;model_year;2017
681;model_year;2017
3692;price;75000
2969;power;19.8
2620;location;chandigarh
2436;price;430000
662;price;73000
1918;power;19.8
1630;kms_driven;35000
1034;model_year;2018
2777;model_year;2010
1033;model_year;2018
2074;model;Renegade
3405;power;19.8
666;model;Passion
3008;location;noida
1154;model;Duke
47;price;20000
921;model_year;2014
2721;kms_driven;2400
846;company;Yamaha
684;model_year;2013
3826;company;Royal-Enfield
3180;model_year;2015
299;owner;second
2831;company;Hero
2701;model_year;2011
3003;price;83000
4047;location;faridabad
1433;model;Avenger
1263;model;FZs
4011;model_year;2007
779;model;Gixxer
1171;mileage;20.0
882;model_year;2013
1023;kms_driven;85000
3697;model;Classic
983;location;delhi
27;model_year;2016
1673;power;13.0
1510;model_year;2011
2450;company;Bajaj
2684;model_year;2018
2366;model;Pulsar
1225;model_year;2015
578;model;Bullet
788;location;delhi
782;location;delhi
11;kms_driven;13000
442;model;RC
3147;model;Classic
952;model_year;2016
2932;mileage;25.0
1794;company;Royal-Enfield
573;power;25.0
1896;owner;first
3108;company;Royal-Enfield
904;company;Hero
2179;model;Classic
669;kms_driven;72000
3033;price;65000
2288;company;Yamaha
3149;kms_driven;36000
1651;model_year;2018
538;kms_driven;12500
2518;company;Bajaj
2622;model_year;2015
3128;model;Avenger
3118;mileage;40.0
2747;mileage;65.0
2938;price;140000
2352;price;42000
1048;power;19.0
2940;model;RC
2260;mileage;25.0
3056;model_year;2017
95;company;Royal-Enfield
2746;model;Bullet
854;mileage;35.0
3914;price;40000
531;model_year;2018
573;model;Renegade
639;power;19.0
2551;kms_driven;22000
1544;location;mumbai
772;model_year;2015
3737;model_year;2017
1430;location;delhi
672;kms_driven;38000
3398;kms_driven;56000
327;power;14.6
363;location;thane
2175;location;delhi
442;kms_driven;9876
1362;kms_driven;20000
140;model_year;2016
3175;power;8.2
387;price;25000
4057;location;chennai
95;model;Electra
3579;company;Royal-Enfield
2047;model_year;2012
3008;owner;first
3904;price;37000
2583;kms_driven;3198
1048;model;Avenger
1060;company;Kawasaki
2770;model;Himalayan
1714;mileage;57.0
1083;kms_driven;12000
882;model;Discover
3941;kms_driven;12431
2312;location;ghaziabad
2435;model_year;2015
688;model;Bullet
212;model;Apache
99;model_year;2019
3670;power;14.0
1093;model_year;2014
3600;price;105786
1691;location;bangalore
3903;price;38000
3441;power;65.0
3779;power;18.28
2039;model_year;2016
2050;model_year;2020
600;power;20.3
4048;power;19.8
3375;company;Bajaj
119;kms_driven;12000
3428;model_year;2019
2780;mileage;40.0
3246;kms_driven;70000
348;owner;second
337;model;Passion
3929;kms_driven;23000
3432;owner;first
2979;model;Bullet
3795;kms_driven;28261
1067;kms_driven;45141
2711;kms_driven;34000
2764;model_year;2010
1887;owner;first
2393;company;Royal-Enfield
1928;price;105000
1087;model_year;2011
2571;model;V15
2682;model_year;2018
847;model_year;2013
970;power;70.0
1695;power;44.0
9;company;Royal-Enfield
3084;mileage;45.0
1708;kms_driven;6500
2027;model;Thunderbird
1522;price;27786
1192;kms_driven;20000
687;company;Royal-Enfield
847;model;Avenger
865;owner;first
3212;company;Bajaj
1557;kms_driven;11000
2908;kms_driven;27000
3818;model_year;2017
2808;power;26.45
1526;owner;first
1732;company;Yamaha
462;company;KTM
1048;owner;first
2792;kms_driven;24000
3391;company;Hyosung
3998;kms_driven;12500
3667;power;19.8
1957;power;14.6
2238;mileage;45.0
3011;model;Avenger
2236;owner;first
1093;location;hyderabad
1621;company;Harley-Davidson
3004;company;Bajaj
1507;kms_driven;6400
2068;company;Harley-Davidson
2850;owner;first
3396;owner;first
465;price;45000
3017;price;101000
1997;model;YZF-R15
1996;location;bangalore
2505;company;Bajaj
3409;model_year;2020
372;mileage;65.0
74;kms_driven;15950
3857;model;Karizma
1816;model;Super
2917;model_year;2016
3463;price;25000
3219;model;Duke
2859;model;Pulsar
198;model_year;2016
1626;power;19.1
2296;model_year;2015
2764;mileage;35.0
2947;model_year;2014
3189;mileage;35.0
2558;owner;first
1046;power;27.2
3567;model_year;2009
2135;price;228250
3767;kms_driven;20112
646;mileage;29.0
2159;location;patna
3157;model_year;2012
3565;power;16.0
3051;model_year;2017
35;price;207500
2386;owner;first
3799;price;69000
859;location;chennai
1381;model;Classic
1708;company;Harley-Davidson
1342;model;Classic
1685;model_year;2015
2913;model_year;2017
3494;location;bangalore
109;company;Royal-Enfield
1215;price;119900
815;price;172000
2801;mileage;40.0
143;model_year;2003
3771;model;Pulsar
598;kms_driven;20000
3701;owner;first
4021;model_year;2018
2466;power;24.8
1342;owner;first
882;price;30000
3853;kms_driven;500
457;company;TVS
3176;model_year;2017
3524;power;27.2
3582;model;RC
494;price;45000
2180;company;Hero
1545;location;mumbai
1343;owner;first
678;location;delhi
3784;owner;first
2518;model;V15
3872;price;25300
4014;company;Yamaha
1934;model_year;2016
1910;owner;first
1323;model_year;2019
2446;company;KTM
456;power;15.0
2805;owner;first
1121;company;Bajaj
3832;kms_driven;28755
2482;kms_driven;2000
2367;model;Pulsar
3878;kms_driven;16000
4098;price;61740
1471;owner;first
3328;price;16500
957;company;Royal-Enfield
1709;location;pune
2794;price;520000
2875;model_year;2014
516;kms_driven;55300
1287;model_year;2008
3119;location;hyderabad
3094;mileage;38.0
1894;model;TNT
4032;mileage;81.0
3753;location;delhi
742;price;50000
639;model;Avenger
3591;power;19.8
1532;model_year;2020
3139;model;FZs
1957;model;Gixxer
3225;model;V15
3772;location;chennai
3040;model_year;2015
3751;power;19.8
1819;mileage;38.0
2230;model_year;2016
4083;company;TVS
1777;price;60000
1560;power;19.8
2574;company;Royal-Enfield
3689;location;mumbai
1837;company;Yamaha
2015;power;9.0
2083;kms_driven;8400
3860;company;Royal-Enfield
1141;location;ahmedabad
231;model_year;2015
1180;model;Passion
1891;kms_driven;18050
3805;price;121000
3404;owner;first
828;model_year;2018
1201;location;jaipur
825;model_year;2017
3539;mileage;40.0
2908;model;Street
952;model;Classic
1474;kms_driven;4000
1687;model_year;2014
1990;model;FZ25
1349;kms_driven;30000
2045;company;Royal-Enfield
1265;owner;first
1208;kms_driven;5450
3901;company;Bajaj
230;company;Bajaj
1129;mileage;65.0
3869;kms_driven;9000
473;model;Classic
1124;model;Thunderbird
2216;power;14.0
3215;model_year;2007
3618;price;68000
1483;owner;second
3133;company;Yamaha
2862;power;16.7
1316;kms_driven;40
1525;location;bangalore
3978;mileage;52.5
3476;model_year;2011
2083;location;agra
2651;kms_driven;4500
591;power;19.8
3990;model;Classic
3582;price;149600
1523;owner;first
132;model_year;2013
447;company;Bajaj
3960;power;14.3
1281;model_year;2016
1345;model;Bullet
386;location;delhi
883;mileage;35.0
1372;mileage;55.0
705;model;YZF-R15
147;owner;first
612;model_year;2016
2237;mileage;42.0
3221;price;150000
1800;owner;first
1521;company;Royal-Enfield
263;mileage;5.0
2339;location;mumbai
2371;company;Bajaj
3317;model_year;2018
1016;price;22100
763;price;140000
1499;mileage;30.0
1469;kms_driven;12000
1976;model_year;2019
2813;model;FZS
2253;kms_driven;30000
985;owner;second
1223;price;119500
1850;location;delhi
2823;power;12.32
3807;owner;first
1750;owner;first
692;company;Bajaj
4078;company;Hero
2304;location;jaipur
2862;location;ahmedabad
3231;mileage;35.0
2460;mileage;38.0
2603;price;48000
3562;owner;first
3484;location;kalyan
1564;company;Royal-Enfield
2883;company;Suzuki
4082;location;chennai
3690;mileage;52.5
2556;location;delhi
3188;company;KTM
1743;price;110000
1972;location;mumbai
386;model;Pulsar
1169;model;Classic
1873;power;14.6
841;kms_driven;7700
311;price;25000
3064;model_year;2018
3629;location;delhi
3729;kms_driven;39252
2354;company;Bajaj
2885;model_year;2016
3990;mileage;35.0
3299;owner;first
1773;location;hyderabad
1944;power;24.8
1227;mileage;30.0
2935;owner;first
3970;owner;first
3379;kms_driven;44507
2753;price;119000
2955;price;42000
2432;price;390000
2183;company;Bajaj
2968;model_year;2016
1254;location;delhi
2587;power;8.2
3901;owner;first
1425;mileage;42.5
2526;price;180000
2757;location;delhi
196;kms_driven;15000
1907;model;Glamour
1504;price;148000
3544;model;Avenger
1221;kms_driven;2200
516;mileage;64.0
1113;mileage;53.0
3309;company;Royal-Enfield
1719;mileage;35.0
1222;location;faridabad
147;location;bangalore
3945;owner;first
3131;price;180000
384;price;32000
143;mileage;30.0
1723;kms_driven;18500
2976;price;150000
3093;owner;third
3622;location;pune
3857;mileage;48.0
1360;model;YZF-R15
20;kms_driven;26683
3369;kms_driven;60000
165;price;56000
3790;model;Avenger
261;price;21000
2822;power;13.8
2778;kms_driven;10300
3842;model;YZF-R15
2118;owner;first
3633;company;Bajaj
3814;owner;second
2068;model_year;2016
1383;model_year;2011
2715;location;bhubaneshwar
2231;price;56000
4018;model;Pulsar
2341;power;15.0
3073;owner;second
3795;model;YZF-R15
207;price;70000
3466;location;ghaziabad
3024;price;45000
2510;owner;third
1003;model_year;2018
2258;kms_driven;14000
1150;price;575000
3919;price;37830
2630;kms_driven;18700
958;owner;first
2699;owner;first
1502;model_year;2017
1452;model_year;2019
1808;model_year;2016
551;kms_driven;9800
2090;price;125000
1577;owner;first
2175;model;Avenger
2434;company;Hyosung
3965;kms_driven;18000
452;price;64000
753;power;17.0
34;owner;first
2628;owner;second
1690;model;Ignitor
2564;location;gurgaon
1172;model;Classic
1520;owner;first
1776;power;8.17
2776;company;Royal-Enfield
2167;price;37000
2362;price;33172
563;company;Royal-Enfield
3765;kms_driven;68000
259;model;Classic
898;owner;first
1139;model_year;2015
3395;location;bangalore
1026;location;bangalore
1055;location;chennai
3523;owner;first
1266;kms_driven;5838
3180;owner;first
1018;location;delhi
1750;price;15000
1264;kms_driven;33700
801;model;Ignitor
13;price;115000
1748;kms_driven;28195
3226;kms_driven;52000
3168;owner;first
1995;power;12.0
3712;model_year;2018
665;kms_driven;5200
3762;owner;first
3679;location;mumbai
3004;owner;first
2935;model_year;2013
545;model;Splendor
771;owner;first
1132;kms_driven;37000
2876;kms_driven;15100
1810;location;mumbai
1593;kms_driven;14000
1149;company;Royal-Enfield
1606;location;lucknow
958;mileage;20.0
3805;owner;first
1278;location;kalyan
4088;power;7.5
634;power;14.0
1240;owner;first
68;location;pune
2343;power;18.7
820;model;Bullet
2260;model_year;2017
2192;owner;first
3404;location;chennai
2265;price;50000
9;model_year;2017
3266;model;CBZ
2957;mileage;40.0
628;price;43000
3194;mileage;26.0
518;mileage;30.0
3702;kms_driven;30000
433;kms_driven;28500
900;company;Bajaj
2675;location;delhi
1067;power;47.0
1275;location;mumbai
3781;power;20.0
300;owner;first
946;owner;first
1789;price;228800
3948;model;YZF-R15
180;model;Bullet
2900;kms_driven;5922
2147;price;95000
1718;company;Bajaj
1976;company;Royal-Enfield
532;mileage;45.0
800;mileage;62.0
1362;price;70000
2533;company;Hero
2643;price;169000
1285;company;Bajaj
1887;price;80000
3335;mileage;20.0
3222;mileage;50.0
2124;power;65.0
871;model_year;2013
2060;power;19.8
3813;mileage;40.0
3021;price;125000
2714;model;Classic
1823;power;20.3
719;model_year;2015
3211;mileage;43.0
1427;model;Classic
124;model;Classic
2839;power;8.1
1850;mileage;58.0
2472;mileage;30.0
2201;model_year;2017
2935;company;Bajaj
2799;mileage;26.0
340;kms_driven;3000
2590;mileage;40.0
3738;kms_driven;1174
3397;mileage;40.0
2842;power;8.1
2900;model_year;2019
55;model;Pulsar
1395;model;Classic
848;mileage;35.0
1694;company;Royal-Enfield
3785;price;175000
845;mileage;25.0
1883;company;Royal-Enfield
181;price;41000
2422;power;19.8
2801;model_year;2015
1142;mileage;65.0
96;model;Renegade
346;company;Suzuki
26;location;bangalore
2980;power;18.1
91;owner;first
2355;mileage;85.0
2862;model;YZF-R15
3189;model;Classic
1395;kms_driven;17400
1719;model;Thunderbird
3414;model;Apache
2393;power;19.8
4094;company;Hero
2259;power;19.8
1117;owner;first
3508;price;232000
2338;company;Yamaha
3021;model;Classic
23;power;8.9
218;company;Bajaj
3386;company;Yamaha
1712;power;24.6
3452;company;Royal-Enfield
2264;company;Royal-Enfield
440;power;16.0
2870;price;66700
3110;model_year;2017
2959;price;180000
940;model_year;2014
3450;company;Royal-Enfield
3390;location;delhi
1367;price;49000
1146;kms_driven;80000
1017;owner;first
1892;power;70.0
2231;kms_driven;22811
318;model;Pulsar
276;owner;first
698;company;Royal-Enfield
1569;location;chennai
3371;mileage;40.0
777;kms_driven;60000
3199;company;Yamaha
1210;location;kolkata
594;company;Royal-Enfield
2165;owner;second
1588;model_year;2017
788;price;60000
2868;power;19.8
2787;model_year;2016
868;price;88000
3210;model;Duke
1809;kms_driven;9821
2018;model;Karizma
1165;power;8.1
586;price;48000
1824;mileage;42.0
598;power;19.0
3380;price;130000
336;kms_driven;28000
286;price;90000
3182;owner;first
3675;power;42.9
739;mileage;26.0
2820;kms_driven;6000
614;company;Bajaj
2513;price;240000
308;kms_driven;15000
3709;kms_driven;28300
3711;company;Royal-Enfield
2113;company;Royal-Enfield
1386;location;hyderabad
1332;location;jaipur
1034;owner;first
769;kms_driven;30000
159;power;8.2
192;location;chandigarh
907;model_year;2017
2628;price;90000
2554;price;12500
3753;model_year;2017
3164;mileage;35.0
2040;model;Intruder
3819;kms_driven;37654
2809;company;Hero
1136;kms_driven;44000
2276;owner;first
1136;model;Bullet
2353;power;16.8
1044;location;pune
1501;company;Royal-Enfield
3517;company;Harley-Davidson
4003;kms_driven;20000
3863;company;Hero
3328;location;faridabad
1832;company;Royal-Enfield
303;kms_driven;18500
2871;power;27.2
3198;power;19.8
1404;power;19.8
2395;power;39.0
3736;price;61500
1947;power;19.8
2234;power;19.8
3349;company;Honda
1185;location;mumbai
3763;model_year;2015
357;owner;first
202;model;Avenger
609;location;delhi
913;kms_driven;20000
285;price;120000
3151;power;11.8
1753;owner;second
2814;company;Royal-Enfield
2232;price;17900
1542;power;20.3
3693;kms_driven;7000
139;model;Classic
496;power;25.0
2639;company;KTM
1094;owner;first
4039;owner;first
2797;mileage;65.0
3675;owner;first
111;power;19.1
2149;owner;first
1494;model_year;2019
812;price;155000
208;company;Royal-Enfield
3216;kms_driven;28000
483;model;Classic
3228;kms_driven;35000
1613;model_year;2013
1242;kms_driven;5000
3442;price;40000
2599;model;Thunderbird
2619;owner;first
1291;model;Classic
2556;owner;first
3424;mileage;65.0
3973;company;Yamaha
591;kms_driven;62000
1951;company;Hero
2454;kms_driven;3000
1644;owner;first
1281;model;YZF-R15
692;model_year;2020
3782;power;27.2
1962;model;Bullet
3571;power;19.8
3804;company;Yamaha
359;model_year;2016
1016;location;delhi
3875;owner;first
2545;model;Avenger
3411;model;Ninja
1090;model_year;2017
30;model_year;2014
701;mileage;26.0
2333;model;Pulsar
3673;model_year;2015
2522;mileage;63.0
263;company;Hero
174;company;Suzuki
3320;model_year;2016
2711;location;chennai
1467;model_year;2017
2713;power;21.0
322;mileage;35.0
2441;power;25.1
4011;mileage;65.0
2574;model_year;2017
2818;company;Honda
2160;company;Yamaha
689;power;28.0
148;mileage;25.0
2145;model;CT
3650;model_year;2019
1372;location;dehradun
301;power;11.8
972;model_year;2020
476;model_year;2014
2891;company;Hero
2915;model_year;2015
3322;company;Hero
1056;model;Pulsar
3752;company;Royal-Enfield
2232;owner;first
3327;company;Royal-Enfield
30;kms_driven;45000
1613;owner;first
496;location;bangalore
404;power;19.8
1087;power;21.0
2742;kms_driven;7000
3865;model_year;1991
1040;owner;first
1598;price;33433
3302;location;mumbai
3095;kms_driven;12400
2311;owner;first
3352;company;Royal-Enfield
2547;model_year;2017
3043;price;160000
1116;model;Super
3197;company;Royal-Enfield
3005;location;faridabad
1180;model_year;2015
744;kms_driven;7886
1272;mileage;20.0
169;model;Renegade
2866;location;chennai
1418;model;Renegade
418;model;Avenger
2361;location;vadodara
665;mileage;57.0
3440;kms_driven;7300
1357;model_year;2017
270;location;delhi
456;location;delhi
339;kms_driven;3300
2856;owner;first
2967;kms_driven;20000
24;location;chittorgarh
3191;mileage;35.0
3946;price;99500
2098;model;Thunderbird
1857;owner;first
100;location;lucknow
2515;model;Classic
1240;kms_driven;12541
2844;model_year;2018
1564;location;gurgaon
1135;mileage;20.0
3867;company;KTM
809;location;rajkot
3777;location;ahmedabad
679;location;delhi
1089;location;pune
3013;location;visakhapatnam
2591;price;114000
3313;power;42.3
3893;model_year;2005
4030;model_year;2016
3758;kms_driven;23000
3509;power;37.73
1262;location;gurgaon
3234;model_year;2017
1329;kms_driven;38738
2330;kms_driven;10815
3462;model_year;2009
930;company;Royal-Enfield
754;kms_driven;29614
238;power;19.8
593;power;7.91
2540;owner;first
3057;company;Royal-Enfield
3936;location;ahmedabad
365;mileage;35.0
144;kms_driven;13400
1686;model;Thunderbird
1660;kms_driven;145000
1958;price;31125
173;mileage;25.0
1110;power;16.7
42;price;45000
589;owner;first
3815;kms_driven;17500
4086;company;Yamaha
593;kms_driven;4
1348;kms_driven;5500
129;price;112000
290;company;Bajaj
1754;price;104000
2810;price;43500
3756;location;delhi
2885;price;350000
1921;kms_driven;28000
1637;model;V12
811;company;Honda
124;company;Royal-Enfield
3822;location;mumbai
3700;owner;first
1787;owner;first
1476;location;bangalore
2427;kms_driven;15000
2679;kms_driven;24000
1007;model_year;2017
138;price;45000
1740;mileage;64.0
70;location;chittorgarh
946;company;UM
3277;owner;first
2586;model;RC
3333;power;19.0
2742;power;8.2
1477;power;19.0
122;power;8.1
4044;kms_driven;38000
1520;kms_driven;7200
1438;owner;first
1428;location;delhi
2191;model_year;2014
1085;model;Karizma
276;company;Royal-Enfield
1611;mileage;42.0
3223;mileage;22.0
989;model;Avenger
2838;company;Bajaj
2362;location;bangalore
345;price;11250
1504;kms_driven;37500
3778;price;90000
703;owner;first
2984;owner;first
1708;model;Street
3537;mileage;20.0
3679;kms_driven;27003
2398;kms_driven;48263
2768;model_year;2014
1230;location;bangalore
364;location;mumbai
60;company;Yamaha
1352;location;chennai
3784;price;65500
1845;company;Royal-Enfield
1997;owner;first
3739;price;140000
481;owner;first
3120;company;Royal-Enfield
2337;owner;first
1607;location;gurgaon
1861;location;mumbai
2280;model_year;2016
2192;mileage;53.0
1713;kms_driven;12892
1596;company;Hero
1220;location;ahmedabad
1030;model;Pulsar
1411;model;Renegade
1260;power;42.9
3584;price;76000
759;company;Royal-Enfield
204;location;ambala
3769;owner;second
2612;kms_driven;9000
227;power;19.8
2010;owner;third
3324;price;70000
959;power;19.8
3683;price;105000
3940;location;faridabad
1049;mileage;42.0
3491;power;15.0
195;owner;first
174;model;Gixxer
1834;owner;first
3229;model;Classic
1527;owner;first
2880;model;Classic
565;kms_driven;7500
914;company;KTM
2404;kms_driven;14000
2594;location;pune
3627;owner;first
3868;company;Bajaj
240;company;Suzuki
2468;kms_driven;13500
123;mileage;55.0
3673;owner;first
101;mileage;35.0
254;location;chennai
1392;mileage;35.0
3246;location;kalyan
1073;power;14.6
2597;model_year;2016
734;power;21.0
955;model_year;2016
2848;model;Duke
2797;price;34000
960;model;Thunderbird
2975;model_year;2016
1453;location;mumbai
3411;location;delhi
2186;kms_driven;10000
3719;model;Passion
1660;power;9.0
319;location;jaipur
166;kms_driven;7259
1098;model_year;2013
337;mileage;5.0
1417;power;39.0
2216;mileage;60.0
3145;power;9.0
718;price;90000
3838;kms_driven;10000
3446;power;42.3
2170;kms_driven;16300
1583;mileage;25.0
2061;kms_driven;65000
3507;company;Harley-Davidson
267;price;55300
3731;mileage;40.0
2476;owner;first
2849;price;175000
2269;model_year;2018
1954;model;Classic
3539;company;Royal-Enfield
1016;model;Pulsar
2024;model;Himalayan
538;mileage;35.0
3379;location;jaipur
1319;power;33.0
3800;model;V15
2402;kms_driven;22900
562;owner;first
2920;price;49100
2107;model;Classic
3091;mileage;48.0
620;location;delhi
2018;mileage;40.0
635;mileage;55.0
2239;location;delhi
3032;company;Hero
1070;model_year;2017
3374;location;faridabad
3065;owner;first
1527;model;YZF-R15
1317;power;14.3
3611;price;95000
1936;model_year;2020
1058;model;YZF-R15
1281;kms_driven;30000
35;owner;first
3352;model_year;2019
609;mileage;75.0
228;model;Avenger
1737;kms_driven;20000
2876;price;69999
3670;location;mumbai
1925;owner;first
257;mileage;35.0
1176;model;Classic
2168;location;delhi
659;location;jaipur
3902;location;mumbai
3982;model_year;2016
3344;power;21.0
2120;price;155625
1298;company;Yamaha
2950;mileage;42.0
1608;mileage;40.0
359;model;V15
1912;price;330000
40;power;13.0
3475;owner;first
3839;company;Royal-Enfield
1637;location;chandigarh
2686;price;35000
904;owner;first
3745;company;Royal-Enfield
91;model_year;2016
3341;power;19.8
728;kms_driven;15241
1180;owner;second
4037;kms_driven;9500
1564;mileage;35.0
3043;kms_driven;7000
385;location;mumbai
899;model;Renegade
2276;company;Bajaj
1780;location;jaipur
253;owner;first
4079;mileage;84.0
50;kms_driven;28000
2049;location;chennai
1156;model_year;2015
3773;power;14.0
1324;company;Yamaha
166;model;HF
3181;company;KTM
4017;power;7.5
2033;model_year;2017
3851;kms_driven;12500
162;model;Splendor
630;kms_driven;38000
71;location;visakhapatnam
1719;power;19.8
442;mileage;35.0
2403;location;hyderabad
3895;power;7.7
1118;kms_driven;18000
4091;company;Bajaj
1036;mileage;35.0
2724;model_year;2015
2278;location;indore
1792;kms_driven;87267
1409;model;CT
195;kms_driven;1400
3542;price;135000
1843;model;HF
171;mileage;35.0
3434;model;Bullet
2484;power;16.7
1668;company;Hero
3446;model_year;2017
2199;company;Royal-Enfield
2335;price;180000
315;kms_driven;3595
1631;price;35000
106;owner;first
2359;location;hyderabad
315;model_year;2019
2414;model;Pulsar
584;model_year;2017
1860;owner;second
3943;location;delhi
1956;model_year;2014
1780;power;8.2
646;company;Honda
1228;location;bangalore
1691;owner;first
31;mileage;40.0
1910;kms_driven;31200
2517;price;42000
76;power;13.0
1197;kms_driven;49660
2865;power;8.2
3717;power;21.0
4096;power;19.8
396;model;Classic
2972;power;27.2
297;price;110000
1093;company;Royal-Enfield
3479;company;Royal-Enfield
2854;model_year;2018
2426;mileage;35.0
3742;company;Bajaj
1374;model_year;2017
1605;kms_driven;47000
601;model_year;2020
1237;kms_driven;12915
527;owner;first
988;price;47000
2743;model_year;2017
2778;location;pune
2727;mileage;35.0
917;model;Bullet
1607;owner;first
2989;price;69000
2810;mileage;81.0
2466;company;UM
3453;model;Electra
3926;company;Bajaj
4014;model_year;2016
1129;location;mumbai
342;mileage;26.0
3321;kms_driven;28886
1216;company;Royal-Enfield
834;kms_driven;11794
990;model;Bullet
2890;price;51000
1175;model_year;2017
539;company;Yamaha
3603;model_year;2013
2350;location;hyderabad
1046;mileage;32.0
2522;owner;first
2687;kms_driven;26545
2207;model_year;2019
1656;price;170000
3283;model;Xtreme
608;owner;first
373;power;19.1
3759;location;delhi
1505;location;lucknow
2817;owner;first
1441;price;66000
687;mileage;35.0
3121;location;jaipur
2726;model_year;2018
2214;kms_driven;14800
1471;location;howrah
3256;price;140000
390;owner;first
3262;kms_driven;40000
3948;power;16.7
266;power;19.8
2622;power;20.0
818;mileage;40.0
2049;power;11.64
2411;model_year;2019
2857;location;bangalore
3757;location;hyderabad
1866;kms_driven;2500
202;power;14.3
3419;model;Classic
949;price;63000
638;owner;first
3723;company;Royal-Enfield
2013;company;Yamaha
3459;model_year;2016
3534;model_year;2016
107;owner;first
2180;owner;first
3714;price;18800
2174;owner;first
546;company;Royal-Enfield
2304;price;55000
3957;model;CB
364;company;Bajaj
2727;company;Royal-Enfield
1512;company;Yamaha
3116;owner;first
4083;mileage;85.0
3028;mileage;40.0
1410;model;Passion
1043;model_year;2018
1574;location;bangalore
1369;mileage;35.0
829;model;Avenger
3039;kms_driven;37000
2877;mileage;38.0
1109;location;delhi
2487;price;120000
1812;price;63700
951;price;600000
288;location;gurgaon
2865;owner;first
1920;location;rohtak
1042;power;8.1
3732;kms_driven;24336
3823;location;mumbai
2706;model_year;2014
3323;model;Star
7;location;chennai
2441;owner;first
3457;owner;first
1768;kms_driven;25765
2654;owner;second
807;location;hyderabad
1469;model;Ninja
4099;price;49000
163;power;21.0
306;model;Classic
3156;location;ludhiana
2294;model;Ninja
3025;model;Classic
1385;model_year;2015
2483;mileage;26.0
2484;mileage;42.0
3941;model;V15
1151;model_year;2015
329;owner;first
18;model_year;2018
2671;company;Yamaha
1569;price;175000
3255;kms_driven;37000
253;kms_driven;15000
2994;model_year;2017
3192;owner;first
3471;price;131500
651;price;53000
2314;model;Avenger
1679;model;Apache
2268;model_year;2016
3563;model_year;2017
3236;company;Honda
1113;owner;first
573;owner;first
1826;kms_driven;5829
1836;power;8.1
2396;model_year;2018
2020;mileage;42.5
1013;model_year;2017
375;location;mumbai
1987;company;Hero
3303;price;390000
2198;power;7.4
200;price;165000
1797;model_year;2012
2188;company;Royal-Enfield
1715;model_year;2016
3746;model;Avenger
1519;company;Honda
2491;owner;first
2003;model;Avenger
1573;owner;second
1264;power;14.0
2336;owner;second
2290;mileage;45.0
2173;owner;first
283;location;jaipur
2327;mileage;45.0
2719;model_year;2013
1939;power;19.8
3739;model;RC
2081;mileage;26.0
3334;kms_driven;23958
3826;owner;first
901;kms_driven;15917
1122;location;mumbai
3275;power;19.8
3457;model_year;2017
1667;model;YZF-R15
103;kms_driven;50000
613;price;62000
4018;model_year;2018
2217;company;KTM
3082;company;Bajaj
3315;model;Street
2724;power;44.0
2103;model;Aquila
3710;kms_driven;25000
1929;location;ghaziabad
28;mileage;38.0
751;power;11.83
1087;price;38000
2627;power;25.1
151;power;19.8
3045;kms_driven;34000
2596;owner;first
3227;model;Thunderbird
3098;model;Karizma
152;model_year;2015
1657;kms_driven;59000
1900;mileage;57.0
3049;mileage;55.0
3217;price;62500
1378;location;faridabad
1508;price;79900
947;power;19.8
446;model;Classic
2403;price;63750
223;mileage;45.0
4089;model_year;2004
2244;price;30000
3953;owner;first
1228;power;14.3
1809;mileage;40.0
853;power;9.0
3395;price;30000
1231;power;19.8
3633;model;V15
1167;mileage;30.0
1006;location;bangalore
3891;company;Hero
3076;company;Royal-Enfield
478;location;delhi
2239;mileage;35.0
2587;model_year;2010
3871;power;24.5
789;model;Splendor
3470;location;delhi
2216;kms_driven;30153
2847;price;41000
2404;mileage;35.0
1191;owner;first
880;model;Bullet
2794;mileage;30.0
3407;company;Bajaj
2364;power;16.7
1855;mileage;50.0
3492;owner;first
963;price;150000
3934;kms_driven;7300
2864;company;Hero
863;kms_driven;15000
1311;mileage;32.0
2565;price;50000
1437;model;V15
3686;model_year;2018
290;power;21.0
3175;mileage;81.0
3028;model_year;2018
3678;power;7.5
952;owner;first
2090;location;delhi
2000;owner;first
240;mileage;63.0
2532;location;delhi
1632;mileage;40.0
3770;kms_driven;22840
861;kms_driven;41000
1548;kms_driven;9000
4067;company;Hero
964;power;16.0
3214;company;Hero
1044;mileage;38.0
2799;location;pune
3566;mileage;29.0
3905;model_year;2018
2195;model;Thunderbird
2208;owner;first
4071;owner;first
2538;company;Royal-Enfield
3378;mileage;35.0
2588;mileage;32.0
392;model_year;2013
789;model_year;2013
2475;owner;first
20;model_year;2016
405;model_year;2015
383;owner;first
1169;price;132100
2977;company;Hero
3816;power;13.0
3640;company;Hyosung
3897;model_year;2012
1206;owner;first
584;owner;first
2497;power;14.6
3475;price;58100
51;model_year;2019
3257;owner;first
725;company;Bajaj
2478;kms_driven;24000
2372;power;24.5
376;power;19.8
56;location;hyderabad
64;price;49800
2845;owner;first
1159;power;25.1
1502;power;20.3
1458;mileage;35.0
3426;location;delhi
111;kms_driven;6000
2085;price;105000
3849;model;YZF-R15
1317;price;37000
3717;kms_driven;21000
455;power;9.0
361;power;19.0
2267;location;howrah
1150;company;Harley-Davidson
886;location;rajkot
222;model;Xtreme
3131;power;28.0
3299;mileage;38.0
3239;mileage;35.0
1312;location;visakhapatnam
1118;model_year;2016
2907;price;17000
1513;mileage;5.0
3620;mileage;35.0
1202;model_year;2017
2656;kms_driven;22800
3415;kms_driven;15500
3290;location;delhi
431;company;Royal-Enfield
206;model_year;2016
2442;mileage;25.0
408;owner;first
817;model_year;2010
283;mileage;65.0
491;power;19.0
3651;owner;second
4005;model;Passion
554;owner;second
1022;mileage;57.0
888;owner;first
1515;mileage;25.0
2073;mileage;53.0
2628;kms_driven;40000
1780;company;Hero
2450;model;Avenger
2689;kms_driven;7965
1242;owner;first
1748;owner;second
3077;location;delhi
2562;model_year;2015
3537;company;Hyosung
1502;company;Yamaha
3560;model_year;2016
157;mileage;40.0
3242;power;24.5
3917;company;Hero
3928;kms_driven;22540
330;power;24.5
2054;model;Gixxer
1054;company;Hero
101;kms_driven;28912
3278;company;KTM
2057;model;Gixxer
2511;model_year;2016
443;model_year;2017
1172;location;bangalore
299;kms_driven;38121
1450;price;51000
2383;model_year;2017
3018;mileage;25.0
958;model;Street
115;company;Royal-Enfield
1831;power;8.44
3772;kms_driven;12000
2082;company;Bajaj
2372;kms_driven;28500
349;model_year;2018
888;mileage;30.0
3474;kms_driven;4454
2683;location;mumbai
3678;mileage;55.0
3623;price;220000
1431;mileage;40.0
1057;model_year;2016
1186;location;bangalore
3017;model_year;2013
1119;kms_driven;8000
1314;company;Triumph
1145;mileage;35.0
2932;kms_driven;10700
2211;owner;first
3780;model_year;2018
1117;price;115000
1246;mileage;55.0
1975;kms_driven;25000
762;mileage;40.0
1921;owner;first
2268;mileage;35.0
2127;power;50.0
936;mileage;42.0
643;price;85000
1658;owner;first
564;owner;first
1189;location;delhi
1713;model_year;2018
504;price;150000
409;model_year;2014
2435;company;Harley-Davidson
2350;mileage;35.0
687;owner;first
3290;model_year;2014
2689;power;43.0
3367;model_year;2019
1163;owner;first
2133;model_year;2018
1078;price;189100
406;price;33500
2122;company;Hero
1858;owner;first
217;model;Avenger
2227;location;indore
4033;company;Bajaj
850;owner;first
3946;location;delhi
2446;model_year;2016
105;price;150000
214;model;HF
2154;owner;first
2064;model;Passion
1825;model_year;2017
1904;price;53200
1523;model_year;2014
3492;power;11.8
3055;location;pune
1291;power;19.8
3496;kms_driven;399
345;owner;first
1541;owner;first
2371;price;35000
600;owner;first
2411;location;mumbai
646;owner;first
1655;model_year;2020
1199;company;KTM
2670;model_year;2018
924;kms_driven;27000
218;price;550000
2092;owner;first
3292;owner;first
3543;location;rohtak
1295;model;Pulsar
1918;owner;first
3362;model_year;2017
3240;model_year;2015
3449;mileage;95.0
4033;location;gurgaon
951;model_year;2019
1696;owner;first
3790;kms_driven;20500
183;location;delhi
175;kms_driven;25440
2981;model;Thunderbird
2073;kms_driven;50971
2081;power;29.1
2498;company;UM
75;price;98500
3103;mileage;50.0
3511;power;37.73
3054;company;KTM
996;location;hyderabad
1798;model_year;2016
2028;company;Hero
2158;power;24.5
3762;kms_driven;30074
3449;power;7.4
1486;model_year;2017
3845;model;YZF-R15
2599;location;chennai
1225;kms_driven;24000
1245;location;delhi
3106;mileage;55.0
3370;power;17.0
3691;location;mumbai
760;owner;first
627;power;19.8
848;power;19.8
4020;kms_driven;38000
2808;price;101000
2583;model_year;2015
3229;price;127700
860;power;16.0
2423;owner;first
2611;model;Pulsar
1628;model_year;2014
1573;location;mumbai
1729;company;Bajaj
3395;power;13.0
110;power;19.8
1042;owner;second
1490;price;63500
1386;company;Hero
3844;price;325000
3064;mileage;35.0
1967;power;14.0
1921;power;18.28
3331;model;FZs
1186;model_year;2019
1913;location;mumbai
1648;mileage;40.0
2233;location;mumbai
533;model;Classic
2351;owner;first
2166;mileage;57.0
2429;kms_driven;6000
1978;location;delhi
752;price;172100
3286;mileage;40.0
941;power;19.8
1500;mileage;35.0
3800;mileage;57.0
963;kms_driven;2500
1738;power;19.8
1182;power;19.8
1820;price;110000
1884;location;chennai
1628;company;Royal-Enfield
1995;model_year;2017
4069;power;9.3
1529;location;mumbai
3250;owner;first
2055;model;Pulsar
61;kms_driven;38000
2767;price;38000
2673;mileage;81.0
3576;model;YZF-R15
1429;model_year;2013
4061;location;delhi
3611;mileage;35.0
3593;price;51900
3092;kms_driven;70000
2957;kms_driven;11050
3228;power;17.0
615;mileage;40.0
1382;power;18.3
1439;price;36508
3724;power;70.0
3042;mileage;25.0
4014;owner;first
3011;power;19.0
2274;owner;first
805;owner;first
584;location;jaipur
713;model_year;2013
3112;model_year;2018
1895;company;Royal-Enfield
2355;power;8.2
3701;model;Mojo
1334;kms_driven;9600
1323;owner;first
374;mileage;65.0
3681;power;19.8
1880;price;130000
3590;kms_driven;15471
3975;model_year;2012
501;price;85000
3089;mileage;65.0
1971;mileage;35.0
4093;price;39000
2993;location;mumbai
1940;model;Pulsar
1600;owner;first
2953;location;mumbai
1904;owner;first
2812;power;24.8
1851;owner;first
3784;model;CBR
629;kms_driven;4730
4072;mileage;22.0
3917;model_year;2014
859;model;Splendor
2226;price;66000
464;power;19.8
771;power;21.0
1078;mileage;26.0
3830;kms_driven;23560
3510;price;1400000
2411;company;Royal-Enfield
2662;company;Royal-Enfield
792;model;Classic
2217;price;150000
2993;model_year;2016
2248;company;Bajaj
2200;mileage;38.0
2278;kms_driven;11000
3847;owner;second
2150;model;Splendor
535;owner;first
2998;kms_driven;28500
2233;owner;second
140;model;Classic
2991;model_year;2016
1688;company;KTM
2182;owner;second
2734;kms_driven;23000
1416;model;V15
2579;model_year;2011
1385;kms_driven;3500
2810;location;delhi
909;kms_driven;51000
3160;model;Avenger
2906;price;100000
520;price;16000
634;model;Hunk
2424;owner;second
1910;power;19.0
3169;location;delhi
3992;model_year;2011
2706;model;Passion
3124;owner;first
3921;model_year;2018
2110;model_year;2009
1088;owner;third
1130;location;mumbai
961;power;19.8
3246;mileage;40.0
2833;owner;first
2208;location;gurgaon
2266;model;Avenger
3489;kms_driven;36000
3466;power;19.0
2516;owner;first
1656;owner;first
476;mileage;60.0
3041;company;Hero
1655;mileage;58.0
809;company;KTM
2509;kms_driven;3000
1376;mileage;50.0
3973;owner;first
2725;owner;first
705;owner;first
4031;model_year;2003
1568;company;Hero
3257;power;19.8
3421;model_year;2017
2585;model;Thunderbird
3929;location;hyderabad
1099;company;Yamaha
313;company;Yamaha
2719;kms_driven;30000
2686;location;faridabad
2690;model;YZF-R15
763;kms_driven;12000
2955;location;thane
3826;location;delhi
3984;kms_driven;5661
2865;model_year;2017
633;model_year;2017
3594;mileage;35.0
2252;owner;second
699;price;90000
1286;power;24.8
3997;model;Centuro
2172;power;19.8
2596;price;37700
2111;price;186750
2381;owner;first
118;price;150000
470;company;Royal-Enfield
93;model;Renegade
2127;location;mumbai
3455;mileage;20.0
2432;owner;first
1375;company;Royal-Enfield
3843;mileage;26.0
1024;kms_driven;26500
1948;model_year;2018
15;price;190000
2804;model;V15
1022;kms_driven;38456
1693;location;chandigarh
3561;model_year;2012
1177;company;Hero
3702;price;110000
3315;kms_driven;3000
3113;company;Honda
1953;company;KTM
298;company;KTM
3719;kms_driven;55000
325;company;Royal-Enfield
630;power;26.15
607;price;150000
2107;kms_driven;10000
1760;company;Royal-Enfield
3228;model_year;2013
1279;model_year;2014
3632;power;24.8
929;model_year;2018
1048;location;chandigarh
202;mileage;50.0
1325;price;155000
2152;location;pune
3765;model_year;2009
1290;power;19.0
3128;model_year;2014
783;model;YZF-R15
1646;owner;first
407;kms_driven;30000
1949;model_year;2015
3106;price;55500
863;model;YZF-R15
2944;mileage;35.0
1439;model;Splendor
3805;model_year;2017
1425;company;KTM
2836;owner;first
1590;model_year;2017
862;price;150000
338;location;chennai
1415;model_year;2016
262;kms_driven;20000
2702;location;delhi
3191;power;19.8
1576;kms_driven;12000
482;model;Bullet
160;location;bangalore
2465;power;18.28
99;location;chandigarh
3778;model;Xtreme
1356;owner;first
717;location;delhi
1148;location;mumbai
1854;kms_driven;15475
3913;model_year;2015
2246;model;Thunderbird
3719;company;Hero
2284;company;Benelli
4045;model;Classic
1650;price;47000
864;company;Royal-Enfield
1108;model;Classic
879;kms_driven;11000
3613;price;155000
2759;power;24.6
3043;model_year;2016
75;model_year;2018
1301;model;Avenger
3756;price;130500
1128;model_year;2016
277;kms_driven;25558
3958;mileage;25.0
4010;kms_driven;11226
3339;model;Classic
3443;mileage;45.0
1601;price;165000
1065;mileage;57.0
1845;owner;first
1437;power;11.8
1507;mileage;53.72
2623;location;dehradun
2076;owner;first
3607;price;140000
759;model_year;2019
2021;power;42.3
3860;model_year;2013
1011;price;30144
432;kms_driven;23000
1012;price;27000
229;power;19.8
2446;power;42.3
454;owner;first
1212;model_year;2009
97;model;FZS
2306;price;125000
4034;company;Bajaj
913;power;19.8
738;price;23000
1490;location;surat
1926;kms_driven;7000
2249;kms_driven;20000
267;model_year;2017
1566;mileage;85.0
494;model_year;2012
1114;owner;first
1458;model;Classic
673;price;38000
1762;owner;first
3213;power;19.8
2036;location;bangalore
731;owner;first
999;kms_driven;68000
1829;power;8.2
3172;company;KTM
710;model_year;2014
3744;power;72.68
2518;power;11.8
3786;mileage;35.0
239;model_year;2016
4068;price;95000
1776;model;HF
3561;kms_driven;55000
1071;company;Honda
1018;owner;first
2273;power;7.5
3766;model_year;2015
2322;location;delhi
79;location;bangalore
283;owner;first
397;model_year;2018
3851;location;bangalore
1746;kms_driven;45000
2182;power;42.3
1631;power;8.17
6;company;KTM
1369;power;19.0
3170;price;20800
3955;mileage;42.0
730;kms_driven;22000
419;model_year;2013
2922;model_year;2014
1068;power;8.2
1255;mileage;25.0
6;location;jaipur
525;kms_driven;13000
412;model_year;2018
1622;model;Passion
2999;mileage;35.0
2637;location;ghaziabad
2747;model_year;2014
481;model_year;2016
3167;owner;first
24;mileage;75.0
1578;model_year;2017
194;owner;first
1181;location;gurgaon
59;model;Xtreme
206;kms_driven;20671
3142;location;mumbai
3518;model_year;2014
3884;price;35000
1630;owner;fourth
1527;company;Yamaha
2397;owner;first
1421;price;40000
3179;kms_driven;19224
2711;mileage;63.0
227;company;Royal-Enfield
1846;model_year;2015
3063;power;19.8
2273;owner;third
2684;mileage;35.0
1111;power;24.6
3787;model;Thunderbird
2046;model_year;2020
409;kms_driven;40000
2299;kms_driven;16000
422;mileage;40.0
393;owner;first
3032;location;delhi
3702;power;26.45
2359;kms_driven;2600
761;model;Continental
3937;price;21000
1537;kms_driven;35000
2463;power;24.8
3129;model;RC
3792;price;155000
1289;power;19.8
2138;kms_driven;3500
2015;price;19500
1142;model;Discover
3196;price;80400
2404;location;chandigarh
977;owner;first
47;model_year;2011
1948;kms_driven;10473
2658;price;140000
249;mileage;65.0
1109;price;115000
2630;mileage;53.0
2162;location;bangalore
332;model;Pulsar
3541;mileage;40.0
577;mileage;40.0
855;owner;first
2122;power;8.2
3331;power;13.0
3225;mileage;57.0
1742;model;Pulsar
4012;company;Bajaj
531;model;HF
2733;model_year;2019
1032;mileage;40.0
993;power;21.0
3040;location;hyderabad
3779;owner;second
3994;location;faridabad
898;kms_driven;5800
150;owner;first
3449;price;17500
2395;company;Kawasaki
1023;company;Bajaj
3311;location;chennai
816;price;62000
1940;price;48000
1551;price;108000
391;owner;first
472;model;Classic
557;owner;first
3406;company;Benelli
3431;power;7.7
61;power;8.1
1280;location;gurgaon
3644;owner;second
1155;price;550000
24;model;Super
4016;location;chennai
405;model;Thunderbird
666;kms_driven;54500
1699;company;Royal-Enfield
2937;mileage;38.0
1249;power;14.6
3631;power;12.32
25;owner;first
531;mileage;65.0
3944;kms_driven;13000
2049;mileage;62.0
1449;model_year;2018
1929;model_year;2011
647;mileage;40.0
1568;model;Karizma
1898;company;Yamaha
299;mileage;40.0
858;model_year;2015
1947;owner;first
3221;power;42.9
4015;kms_driven;20000
2347;location;gurgaon
3908;power;21.0
2606;model_year;2014
272;model;Renegade
240;kms_driven;14062
1963;mileage;22.0
3700;price;450000
1598;model_year;2016
2677;location;faridabad
2782;price;160000
3665;model;Street
2603;company;Bajaj
2112;kms_driven;11000
1684;location;hyderabad
2;price;115000
3563;model;RC
3923;mileage;32.0
1468;location;mumbai
2469;model_year;2011
2247;power;8.2
1553;mileage;35.0
1182;company;Royal-Enfield
142;model;Classic
380;mileage;45.0
1389;owner;first
4025;power;8.2
571;power;16.0
3368;model_year;2008
286;mileage;40.0
3091;kms_driven;24000
2094;mileage;84.0
2430;kms_driven;100000
1145;kms_driven;65000
537;owner;first
2806;mileage;35.0
1545;model_year;2020
110;model;Classic
35;power;19.1
2333;kms_driven;15000
1053;mileage;53.0
1372;kms_driven;64000
3996;owner;first
3342;location;mumbai
902;model;Renegade
2043;model_year;2017
3459;owner;first
544;owner;first
2125;kms_driven;14000
414;model_year;2017
1154;price;60000
1965;location;kolkata
645;location;ahmedabad
3002;kms_driven;27000
3657;power;19.8
4042;power;11.83
3913;location;delhi
2782;power;42.9
1823;mileage;43.0
12;kms_driven;28000
2357;kms_driven;4500
3646;model_year;2010
2464;company;Bajaj
776;location;chandigarh
1560;price;181562
34;kms_driven;21000
1666;mileage;20.0
174;price;56430
1040;price;128600
2612;owner;first
1035;kms_driven;1900
188;price;79000
2480;power;27.2
179;price;40000
1873;model;Gixxer
2015;model;Super
992;company;Yamaha
70;price;49000
718;power;19.8
418;kms_driven;9586
2306;mileage;35.0
854;location;delhi
2578;model_year;2016
2143;mileage;53.72
1112;company;Bajaj
294;location;delhi
194;price;18000
1138;price;100000
2312;price;37389
1045;kms_driven;27000
640;company;Bajaj
347;power;19.0
3102;price;96000
843;power;21.0
4073;company;KTM
1889;owner;first
3425;price;275000
418;owner;first
3801;location;delhi
1348;owner;first
3134;company;Royal-Enfield
164;power;24.2
1438;price;27000
2993;mileage;40.0
2315;mileage;65.0
2744;power;26.1
2658;owner;second
1145;company;Royal-Enfield
3625;location;delhi
1236;kms_driven;25770
41;price;165000
2494;power;8.2
147;model_year;2012
1620;owner;first
3325;owner;first
335;location;delhi
549;price;78000
456;price;30000
1826;mileage;35.0
237;mileage;35.0
2070;kms_driven;20000
2040;kms_driven;16800
1817;power;14.0
3477;location;gurgaon
2985;model_year;2013
560;kms_driven;9700
345;model_year;2007
4010;power;19.0
1952;company;Royal-Enfield
363;price;48000
1464;price;726250
3376;model;V15
2870;company;Suzuki
1734;price;45000
3224;price;48000
937;model_year;2018
648;price;31500
1384;owner;first
3080;mileage;40.0
3076;location;hyderabad
3788;location;chennai
900;price;30000
2455;price;58000
2092;power;19.8
3486;company;KTM
755;model_year;2017
3311;mileage;35.0
1772;price;696824
3710;model_year;2013
837;mileage;35.0
2199;mileage;35.0
553;power;24.8
3100;company;UM
841;owner;first
1663;company;Bajaj
736;model;Renegade
410;model;Passion
998;kms_driven;5000
3283;model_year;2016
2509;model_year;2017
3350;mileage;22.0
3044;location;mumbai
2593;model_year;2017
2921;model;Avenger
3081;kms_driven;31000
511;location;jaipur
2480;kms_driven;17300
3312;company;Yamaha
3060;model_year;2016
3595;company;Bajaj
3489;mileage;55.0
1540;owner;first
3229;location;bangalore
2257;location;delhi
3456;kms_driven;57000
1762;power;12.32
1291;location;kolkata
2177;kms_driven;16000
3549;price;114999
2369;owner;first
3667;mileage;37.0
134;location;hyderabad
648;model_year;2013
2042;model;Street
3856;company;Royal-Enfield
3229;owner;first
1056;owner;fourth
734;model_year;2014
905;company;Bajaj
3845;location;delhi
816;model_year;2017
1155;kms_driven;42500
3467;company;Bajaj
2510;model_year;2012
1442;owner;first
3142;power;47.0
2519;power;14.3
1178;company;Kawasaki
1545;company;Royal-Enfield
278;model;Pulsar
3592;location;mumbai
194;kms_driven;60000
3813;owner;first
241;company;Hero
801;price;39425
3453;location;bangalore
3287;mileage;65.0
3334;mileage;35.0
2181;mileage;35.0
1408;location;pune
1791;location;mumbai
409;mileage;25.0
2906;location;gurgaon
1848;company;Hero
3835;location;hyderabad
2601;model;YZF-R15
2553;mileage;65.0
2216;price;37500
583;price;100000
3031;power;19.8
2544;owner;first
3018;company;Royal-Enfield
142;kms_driven;6500
2279;kms_driven;27500
2363;kms_driven;19666
3858;location;noida
2349;location;mumbai
3487;mileage;35.0
990;power;19.8
976;power;29.9
3129;owner;first
3327;kms_driven;21600
1720;model;V15
682;model;CBZ
796;owner;first
3394;model_year;2012
1638;power;19.8
2136;location;mumbai
3171;kms_driven;13000
1029;kms_driven;34000
947;model;Thunderbird
2229;kms_driven;1600
2459;mileage;65.0
2996;company;Bajaj
3849;power;16.7
2849;company;Royal-Enfield
1318;model;Classic
3684;kms_driven;18000
3796;price;130000
1585;owner;first
2456;owner;first
1797;location;chennai
3783;price;30000
3277;company;Hero
1305;kms_driven;8000
3646;owner;first
3481;model;Classic
3896;model;Centuro
115;mileage;35.0
1109;power;43.0
1283;price;35000
3079;power;16.0
2705;kms_driven;21000
2238;location;mumbai
381;kms_driven;46000
3159;location;bangalore
2600;mileage;42.0
236;owner;first
187;mileage;55.0
3534;location;pune
1698;model_year;2006
1804;model;Classic
3635;owner;first
3956;location;delhi
1296;power;25.0
1819;model;Pulsar
1036;model_year;2018
146;owner;first
1287;mileage;30.0
3365;mileage;45.0
1765;power;25.1
3332;owner;first
709;kms_driven;20000
944;model;Classic
2966;owner;first
1666;model_year;2018
196;power;24.5
1071;power;18.28
878;kms_driven;14000
2158;owner;first
691;model_year;2018
438;kms_driven;20000
294;model;V15
1356;price;160000
4031;price;63375
201;mileage;38.0
1352;kms_driven;26000
2769;model;Pulsar
3017;location;bangalore
3927;company;Bajaj
620;model;Pulsar
153;mileage;45.0
390;location;chennai
950;model_year;2018
1007;owner;first
799;location;delhi
585;company;UM
3187;owner;first
2502;owner;first
2694;model;Duke
1771;power;41.4
436;mileage;62.0
1012;location;delhi
577;location;gurgaon
735;owner;first
727;company;Suzuki
2017;kms_driven;10022
905;kms_driven;36948
1538;price;42000
1173;price;38000
3194;power;42.3
1310;power;42.3
458;power;25.1
1862;location;mumbai
1962;model_year;2015
3801;model_year;2010
259;power;19.8
1685;power;77.0
2869;model;V15
392;price;84575
1254;model_year;2017
389;mileage;38.0
712;owner;first
1840;location;ludhiana
440;owner;second
2242;mileage;45.0
2420;price;125000
1412;price;36000
1657;company;Royal-Enfield
1522;company;Hero
3141;company;Royal-Enfield
1657;price;124300
2982;power;27.2
2338;location;ghaziabad
2056;power;19.0
2697;mileage;45.0
530;model_year;2003
252;model;Pulsar
3874;company;Hero
3645;mileage;65.0
3856;model_year;2015
3933;kms_driven;29400
657;model_year;2019
2611;power;13.0
3066;power;11.8
2637;price;35000
3974;location;chennai
2531;model_year;2017
374;power;17.0
2701;owner;first
3491;price;42000
612;kms_driven;63000
1915;power;19.8
84;model;CBZ
879;mileage;40.0
2171;model;Classic
2340;company;Royal-Enfield
2368;company;KTM
1783;owner;first
1414;price;160000
798;model_year;2015
2994;company;Royal-Enfield
1500;model;Avenger
3711;power;19.8
2506;company;Hero
2360;model;Sport
2567;model_year;2013
775;company;Bajaj
533;model_year;2015
4005;mileage;5.0
2715;power;27.2
2362;model;V15
1129;kms_driven;34000
747;power;11.64
1590;location;chennai
2757;price;48000
3962;kms_driven;28241
3228;price;45000
740;owner;first
1755;model_year;2013
2327;power;13.0
3617;price;130000
563;location;pune
1230;kms_driven;14785
2447;owner;first
1483;mileage;27.0
3377;location;jaipur
3475;power;14.3
2803;owner;first
2512;power;11.8
1978;price;90000
3137;owner;first
3631;model_year;2008
724;model_year;2015
3081;owner;first
2124;owner;first
1860;power;17.0
357;mileage;40.0
1274;model_year;2015
2575;mileage;43.0
43;model;Passion
1030;owner;first
396;power;19.8
4070;location;mumbai
950;mileage;81.0
2219;kms_driven;4000
2040;price;825000
446;power;19.8
3970;power;17.0
1503;model;Duke
1273;mileage;75.0
291;model;RC
1932;model_year;2017
1210;company;Suzuki
467;model_year;2013
2109;owner;first
633;company;Royal-Enfield
2785;company;TVS
4000;mileage;53.0
3577;power;19.0
898;location;mumbai
2609;location;vadodara
1919;kms_driven;11851
2732;model;Avenger
1470;model_year;2014
2082;kms_driven;40000
2139;model;Street
3649;model_year;2015
485;kms_driven;20000
465;owner;first
2577;owner;first
2580;model_year;2017
708;company;Bajaj
1926;power;19.8
3842;price;105000
2227;kms_driven;26000
354;owner;first
724;mileage;35.0
63;price;176375
3754;price;14000
903;model;Renegade
3028;price;124000
2157;model;Karizma
2569;mileage;35.0
3919;kms_driven;9000
522;mileage;35.0
2156;model;Avenger
2267;model_year;2021
3810;company;Royal-Enfield
2450;mileage;40.0
2340;model_year;2020
4067;power;11.0
1192;model;Hunk
4027;owner;first
3371;kms_driven;44000
3047;owner;first
776;model;YZF-R15
1783;mileage;65.0
157;model;Bullet
3816;location;delhi
2634;owner;first
1256;company;Royal-Enfield
3203;company;Yamaha
1423;company;Royal-Enfield
3545;price;87900
1115;price;126500
1642;power;21.0
122;company;Bajaj
2600;power;16.7
3732;location;mumbai
924;company;UM
689;kms_driven;100000
430;location;delhi
2989;kms_driven;15000
693;model;RC
1872;location;delhi
3196;company;Royal-Enfield
2122;mileage;81.0
1460;mileage;35.0
2653;kms_driven;5500
1527;price;95000
2125;mileage;20.0
2005;owner;first
3184;owner;first
1340;model_year;2014
2345;power;19.8
3233;company;Royal-Enfield
2500;model;Classic
3626;mileage;85.0
3747;owner;first
2186;company;Royal-Enfield
3647;power;11.8
276;model;Classic
205;price;95000
839;model;Classic
2100;owner;first
995;kms_driven;30000
438;mileage;52.5
690;owner;first
2242;kms_driven;10000
900;kms_driven;50000
178;company;Honda
3040;model;Thunderbird
332;company;Bajaj
1416;mileage;57.0
2327;owner;first
1940;owner;second
2938;company;KTM
2442;model_year;2017
3994;power;9.0
5;location;bangalore
1176;kms_driven;15000
1397;model_year;2012
3210;company;KTM
897;model;Iron
36;power;14.0
2438;owner;first
190;location;bangalore
3942;power;19.0
1609;model;YZF-R15
1334;power;12.2
1365;model;Classic
994;model_year;2019
338;model;Avenger
348;company;Bajaj
628;model;Gixxer
3101;price;59000
811;mileage;38.0
676;price;39000
3686;mileage;35.0
2416;power;16.7
1249;model_year;2017
3688;power;17.0
2247;model;Star
1472;kms_driven;43130
3775;model;Passion
3842;kms_driven;9300
1714;company;Bajaj
862;mileage;35.0
1852;power;24.8
3159;company;TVS
88;model;Pulsar
1601;company;KTM
1039;model_year;2014
2064;mileage;5.0
1239;model;Discover
2196;power;24.6
730;model;Pulsar
224;mileage;42.5
407;mileage;55.0
2942;company;Yamaha
2056;model_year;2014
48;model;FZs
2373;kms_driven;18000
3166;location;bangalore
391;mileage;35.0
3195;mileage;20.0
569;owner;first
1871;model_year;2007
1196;model;Classic
1496;price;123100
1583;model_year;2015
108;location;chandigarh
2716;company;Royal-Enfield
3084;location;pune
2496;model;Avenger
140;power;19.8
1593;company;Bajaj
41;power;19.8
3204;model;Thunderbird
632;power;15.0
3981;price;29000
1620;model_year;2017
2265;location;bangalore
1246;company;Hero
3848;company;Bajaj
1098;company;Bajaj
1342;company;Royal-Enfield
31;price;18000
2445;model_year;2017
2337;location;gurgaon
2702;mileage;81.0
2160;model_year;2017
1168;power;8.2
1316;owner;first
858;location;bangalore
23;price;63000
2533;location;gautam buddha nagar
2473;model_year;2017
3086;power;28.0
4072;model;Apache
3997;company;Mahindra
1798;power;19.8
1718;price;33500
1695;kms_driven;6500
2395;location;mumbai
2229;location;chennai
3294;model;Classic
212;owner;fourth
333;kms_driven;60000
1596;model_year;2010
1597;price;210000
4030;price;32000
3221;model_year;2016
3886;model_year;2016
453;kms_driven;91000
3881;price;20000
685;model_year;2014
2311;price;120000
2833;power;7.4
3255;price;65000
3964;model_year;2013
1101;model;Classic
3954;model_year;2014
680;price;145000
606;mileage;35.0
1465;power;111.0
4041;owner;first
1276;kms_driven;15000
3307;model;Avenger
756;power;19.1
521;location;bangalore
4095;mileage;35.0
1644;model_year;2011
1713;price;62200
1028;model;Duke
2393;kms_driven;18729
1231;price;114200
2569;owner;first
2501;model_year;2019
3250;mileage;35.0
2482;mileage;35.0
2982;kms_driven;25000
1862;owner;first
309;model;Pulsar
2719;owner;first
3291;company;Bajaj
939;company;Hero
2051;model_year;2018
2185;price;280000
3699;location;mumbai
3178;location;bangalore
3930;mileage;64.0
2879;location;pune
1825;company;Royal-Enfield
2005;model;TNT
2924;model;TNT
3568;mileage;25.0
4017;location;chennai
3680;location;patna
900;power;19.0
3167;kms_driven;11000
571;kms_driven;18500
2618;model;RC
3557;location;ahmedabad
1588;price;480000
1009;price;32000
3744;model_year;2016
296;company;Bajaj
3923;kms_driven;980
1990;owner;first
3451;location;bangalore
3475;location;hyderabad
721;mileage;81.0
896;location;delhi
4016;owner;first
2390;price;135000
225;owner;first
2122;owner;first
1788;kms_driven;5722
3855;kms_driven;24800
3698;model_year;2015
3375;model;V15
3506;power;47.0
151;price;86000
3674;power;19.8
1751;owner;first
2140;owner;first
1733;mileage;75.0
3186;company;Royal-Enfield
3958;kms_driven;50000
2182;company;KTM
468;location;coimbatore
3384;power;8.2
510;company;Bajaj
1264;model_year;2014
3113;power;14.0
3831;location;jaipur
1305;model_year;2019
397;location;indore
89;kms_driven;14300
3356;price;65000
934;price;65000
1697;model_year;2015
1621;model_year;2013
1;power;19.0
2054;location;delhi
2044;model_year;2015
293;price;45000
3747;kms_driven;6200
1162;location;gurgaon
733;model;FZs
3011;kms_driven;64000
1465;mileage;20.0
2200;location;pune
2562;company;Royal-Enfield
477;model;Pulsar
706;power;17.0
373;location;hyderabad
1455;company;KTM
2451;price;150000
1288;mileage;35.0
779;owner;first
3931;power;11.8
3677;kms_driven;7400
1581;kms_driven;68000
3050;mileage;40.0
2781;kms_driven;22000
1306;price;180000
3256;owner;first
3501;model_year;2013
4028;model;FZs
2022;location;chennai
1048;model_year;2017
184;owner;first
3460;location;bangalore
2692;company;Yamaha
2061;owner;first
3422;model;V15
1743;kms_driven;15182
1822;model_year;2013
3672;model_year;2016
2626;mileage;39.4
1642;model;Pulsar
1163;model;Street
2425;location;hyderabad
1658;power;8.1
3605;model;Thunderbird
1593;model;Avenger
2974;power;19.8
156;price;24910
2755;kms_driven;8000
3930;company;Bajaj
2349;mileage;40.0
2745;owner;first
179;kms_driven;32000
576;company;KTM
4089;location;pune
1556;location;mumbai
2188;power;19.8
2373;model;Classic
2598;company;KTM
50;owner;first
1954;owner;first
168;model_year;2017
21;company;UM
3425;owner;first
2770;owner;first
2588;location;pune
729;kms_driven;16500
856;company;Bajaj
3455;model;Iron
3535;location;hyderabad
746;price;60000
4044;company;Royal-Enfield
3012;mileage;35.0
1525;model_year;2015
3898;model_year;2017
2517;model_year;2017
663;kms_driven;93000
611;model;Pulsar
331;model_year;2014
2815;location;mumbai
1450;kms_driven;65000
1034;company;Royal-Enfield
1684;model;FZs
3694;mileage;25.0
3522;power;25.1
3789;location;pune
805;company;Hero
2693;model;Classic
338;power;19.0
1399;mileage;75.0
2153;company;Yamaha
2445;owner;first
3473;model_year;2017
1546;power;19.1
317;mileage;40.0
3171;price;106820
1801;price;15400
2878;owner;first
3112;owner;first
1603;owner;first
3323;owner;first
2;kms_driven;50000
1472;power;19.0
3403;company;Kawasaki
3498;location;delhi
116;price;170000
351;owner;first
3073;company;Royal-Enfield
2628;mileage;42.0
3099;owner;first
211;price;17000
2270;price;39999
1981;location;bangalore
3359;model;YZF-R15
1345;power;19.8
3269;owner;first
1735;price;45000
1041;model;Mojo
3420;model_year;2017
2892;price;275000
3415;power;65.0
1543;kms_driven;11900
1426;kms_driven;10000
723;owner;first
2245;company;KTM
3360;location;ghaziabad
3433;model_year;2014
2152;price;60000
1373;model_year;2018
365;owner;first
583;owner;first
1977;kms_driven;7800
817;power;19.8
3314;mileage;35.0
1529;owner;first
616;company;KTM
792;kms_driven;900
3047;company;TVS
874;location;mumbai
3282;mileage;95.0
131;mileage;55.0
311;power;7.44
3884;model;Passion
2855;model;Pulsar
3093;location;delhi
2344;location;delhi
3060;model;Himalayan
1099;owner;first
1301;company;Bajaj
3937;owner;first
316;model;Thunderbird
1418;mileage;35.0
536;owner;first
4095;location;delhi
12;mileage;40.0
86;location;delhi
963;model_year;2017
2643;location;ahmedabad
180;model_year;2015
3316;price;78400
1505;company;Hero
2365;owner;first
2853;model;GT250R
2412;owner;first
342;price;110000
1560;owner;first
820;power;26.0
394;kms_driven;25000
3783;kms_driven;46700
1877;model_year;2009
636;power;19.8
2738;model_year;2019
1899;model;Bullet
2366;power;17.0
3219;owner;first
2687;model_year;2012
2779;owner;first
2917;company;Royal-Enfield
1543;location;chennai
2388;price;130000
3657;owner;first
3311;power;19.8
1736;power;19.8
2442;power;27.2
2962;kms_driven;3900
520;model;Pulsar
3245;power;19.8
3704;location;bangalore
1916;price;650000
980;kms_driven;14500
2002;kms_driven;17300
1873;price;120000
3738;model_year;2018
2771;model_year;2018
376;company;Royal-Enfield
3262;mileage;55.0
66;location;bangalore
246;power;14.6
3014;location;surat
2017;power;19.8
3749;model;Splendor
2115;location;mumbai
576;owner;second
176;location;mumbai
2691;location;bangalore
675;price;82000
2597;price;100000
414;price;128000
3341;price;150000
1254;model;Classic
2196;kms_driven;9800
860;owner;third
2258;model_year;2017
2798;model_year;2011
1787;model;Ninja
3545;mileage;42.0
2212;location;vadodara
2329;price;130000
3601;model_year;2016
305;location;delhi
3402;model;Avenger
3858;kms_driven;1450
227;model;Bullet
2624;model;Pulsar
2844;owner;first
2508;mileage;57.0
249;model_year;2010
942;kms_driven;21000
3319;price;20000
1339;model_year;2017
2807;owner;first
2217;model;Duke
2370;kms_driven;48000
2438;model_year;2017
3153;model;Thunderbird
3445;owner;second
974;power;24.8
945;company;Royal-Enfield
1058;company;Yamaha
1023;model_year;2020
2556;power;27.2
2358;price;60000
3281;location;gurgaon
3978;model;Splendor
2280;model;Thunderbird
2175;model_year;2013
79;model_year;2015
3993;price;32000
814;company;Hero
3465;location;gurgaon
525;owner;first
219;model_year;2013
92;price;46992
1398;owner;first
117;price;65000
3284;price;165000
4006;mileage;38.0
792;mileage;35.0
1011;kms_driven;24853
2181;power;19.8
3376;company;Bajaj
1820;power;19.8
2738;owner;first
3553;company;Bajaj
2230;mileage;50.0
1883;power;27.2
1158;model_year;2016
2688;kms_driven;28435
3883;mileage;72.0
872;model_year;2018
3426;price;320000
3587;model_year;2017
2346;kms_driven;22500
1878;model_year;2015
844;company;Royal-Enfield
451;owner;first
3759;mileage;40.0
1337;kms_driven;17520
3247;model;Pulsar
393;power;8.2
864;location;bangalore
1616;model;HF
282;company;Bajaj
504;company;Yamaha
3338;price;155000
620;kms_driven;26000
3385;kms_driven;12300
1035;model;Duke
667;kms_driven;10000
1688;model;Duke
2092;mileage;40.0
120;power;24.3
923;price;11000
978;mileage;53.0
2907;owner;first
2582;model_year;2018
1757;price;135000
4057;power;7.5
3596;mileage;40.0
1422;power;25.0
169;owner;first
2338;owner;third
851;owner;first
2377;mileage;35.0
3289;owner;first
2801;company;Royal-Enfield
603;company;Bajaj
1970;power;19.8
589;mileage;30.0
4100;kms_driven;15000
1690;company;Hero
1815;kms_driven;51259
1409;kms_driven;15999
1233;model_year;2017
2583;power;19.8
1615;mileage;35.0
2333;mileage;65.0
3885;owner;first
798;company;Yamaha
3615;price;70000
1400;kms_driven;208
3753;power;9.3
2722;power;14.0
1882;model;Passion
1814;company;Bajaj
891;model;Discover
2882;power;47.0
2654;model_year;2011
3990;company;Royal-Enfield
2331;model;Classic
341;price;115000
1283;model_year;2011
183;mileage;37.0
2969;mileage;30.0
1340;power;19.8
1975;location;bangalore
1487;kms_driven;17918
2058;company;Royal-Enfield
2534;model;Splendor
2075;company;Hyosung
2504;model;Avenger
3531;mileage;81.0
4067;owner;first
2098;price;100000
1348;model;CBR
953;company;Bajaj
268;kms_driven;71000
3656;mileage;25.0
2056;price;35000
3408;location;bangalore
2562;mileage;25.0
3635;model;Discover
300;kms_driven;8000
3819;location;gurgaon
4078;price;14500
1897;model;Avenger
575;model_year;2016
3165;power;16.8
15;mileage;37.0
2918;power;16.0
3510;power;93.0
3949;power;16.0
2295;model_year;2011
2163;company;KTM
1101;location;gurgaon
2110;owner;first
2381;location;gurgaon
114;kms_driven;13000
3296;owner;second
3048;price;80000
2730;owner;first
1346;price;55000
2548;mileage;30.0
3768;price;75000
2913;model;TNT
3322;mileage;65.0
1586;power;47.0
2291;model;Pulsar
3528;owner;first
670;model;Pulsar
710;price;34000
1439;kms_driven;366600
3084;owner;first
3465;model_year;2015
271;model;Pulsar
1130;owner;first
1115;power;19.8
2659;power;11.8
3956;model_year;2017
1786;kms_driven;35000
2074;kms_driven;8500
1428;price;51000
3737;owner;first
2492;company;Royal-Enfield
120;model_year;2020
671;model;RC
2329;owner;second
2428;mileage;42.0
2663;model;Thunderbird
1030;mileage;65.0
3751;company;Royal-Enfield
2339;model_year;2015
1806;kms_driven;16000
2127;company;Harley-Davidson
3156;price;52000
783;owner;first
2566;mileage;42.0
177;model_year;2018
1099;location;bangalore
3997;location;vadodara
839;price;105000
3182;model;Duke
3551;mileage;40.0
990;company;Royal-Enfield
3285;location;hyderabad
3614;company;Hero
1227;power;19.8
3945;price;46000
1471;company;Royal-Enfield
1723;location;bangalore
2638;price;32000
2733;location;mumbai
539;model_year;2011
3485;mileage;35.0
1644;power;16.7
2429;power;16.0
2174;price;310000
2645;owner;first
1425;price;150000
4003;location;delhi
770;kms_driven;46000
1941;model_year;2017
1199;power;25.1
1536;price;125000
3945;company;Hero
514;company;Hero
352;kms_driven;3200
3828;location;chennai
435;company;Royal-Enfield
1881;owner;first
955;location;delhi
351;mileage;35.0
355;kms_driven;6750
1130;kms_driven;5966
1103;location;chennai
783;power;16.7
1909;owner;first
2720;model_year;2015
4045;location;chennai
2880;power;19.8
825;owner;first
1629;power;14.3
674;price;175000
964;model;YZF-R15
3555;power;18.28
2705;price;28130
1318;price;133000
306;price;130000
4081;model;Discover
3055;mileage;55.0
2633;power;9.38
751;company;Hero
3010;location;noida
2564;company;Royal-Enfield
3749;power;7.0
68;power;17.0
3260;location;bangalore
3918;model_year;2011
2817;power;8.2
727;power;14.0
530;location;ahmednagar
991;company;Royal-Enfield
2431;company;Benelli
149;price;55000
3384;kms_driven;46823
3354;price;20000
1236;mileage;40.0
1507;location;lucknow
1836;mileage;67.0
321;owner;first
3480;model_year;2014
2393;mileage;40.0
1180;power;8.2
3695;power;20.3
2524;power;25.0
1878;model;Classic
2440;power;19.0
504;kms_driven;9200
3827;location;bangalore
1160;power;27.2
2736;location;mumbai
2183;owner;first
3921;owner;first
796;company;KTM
3574;model;Pulsar
2065;mileage;55.0
927;model;RC
3183;location;mumbai
1665;model;Classic
216;location;chittorgarh
3365;owner;first
294;power;11.8
1434;model;Classic
2193;kms_driven;50000
572;power;17.0
3952;location;delhi
3471;model;Classic
2761;owner;first
3735;model;Bullet
516;location;delhi
2101;company;Hero
2635;model;Classic
2541;mileage;26.0
2623;owner;first
2839;kms_driven;9000
2536;power;19.8
1539;location;kalyan
794;owner;first
1055;model_year;2020
453;model;Pulsar
3651;price;85000
1618;kms_driven;30000
1531;owner;first
1784;owner;second
2285;price;22540
1046;model;Classic
621;location;mumbai
85;model_year;2014
1512;kms_driven;12250
1791;model;YZF-R15
1563;location;bangalore
2391;model;Pulsar
903;power;24.8
1622;owner;first
2419;model;V12
1219;price;125000
2249;model;Pulsar
995;model_year;2014
1753;kms_driven;46000
2690;company;Yamaha
1070;mileage;35.0
2787;mileage;30.0
2785;power;33.0
1450;model;Pulsar
2708;owner;first
3792;model_year;2018
3352;price;150000
2363;model_year;2014
2823;kms_driven;74404
2822;kms_driven;45000
2520;owner;first
2942;power;16.0
2904;mileage;35.0
2367;price;50000
650;model_year;2018
1190;power;8.2
406;owner;first
3775;model_year;2004
2153;kms_driven;8855
1097;owner;first
1581;power;19.8
2437;mileage;20.0
39;power;19.8
1498;model_year;2016
1217;owner;first
2929;mileage;20.0
3590;location;pune
3425;location;ghaziabad
1689;owner;first
967;price;42000
3603;power;19.8
2308;model;Splendor
3166;owner;first
1542;model_year;2018
2985;owner;second
1512;model;YZF-R15
3220;model_year;2016
380;kms_driven;43000
2730;power;25.1
1369;kms_driven;25198
1500;company;Bajaj
766;owner;first
420;model_year;2017
308;owner;first
1471;mileage;35.0
2621;model_year;2015
2465;price;55000
1987;power;14.0
3763;power;19.0
2167;model;Splendor
2058;price;125000
2403;owner;first
3308;mileage;53.0
3957;mileage;60.0
703;kms_driven;23000
2293;model;Avenger
36;model_year;2015
593;price;74000
700;kms_driven;14733
2117;owner;first
1006;model_year;2017
4028;kms_driven;14326
3378;price;78000
153;model_year;2013
3450;location;bangalore
297;kms_driven;46000
4003;model_year;2016
10;company;Royal-Enfield
1030;price;24200
4086;power;16.0
2251;power;14.2
1444;mileage;45.0
1892;model_year;2017
610;model;Classic
1970;location;mumbai
4064;owner;first
214;power;8.17
2404;power;19.8
1602;price;450000
1580;price;25000
3408;price;148000
3338;location;chandigarh
2762;price;28000
1465;price;880837
2558;power;17.0
3932;model_year;1997
2029;kms_driven;40000
500;price;165000
4038;power;8.2
4059;owner;first
3837;mileage;35.0
1196;power;27.2
68;price;40000
1348;location;pune
2029;location;delhi
869;kms_driven;33100
2525;model_year;2015
495;price;11900
1847;mileage;39.4
1461;model;Classic
2166;company;Bajaj
1135;power;47.0
2134;kms_driven;6776
458;model_year;2017
524;company;Royal-Enfield
2348;kms_driven;16500
2213;mileage;18.0
2505;mileage;35.0
2447;location;ghaziabad
556;mileage;35.0
1474;location;kolkata
1826;price;145000
49;owner;first
2948;power;16.0
4034;kms_driven;8903
2174;power;47.0
2638;company;Bajaj
1491;company;KTM
1729;model_year;2018
1906;model_year;2016
1360;price;95000
740;company;Royal-Enfield
1216;price;160000
945;power;19.8
712;price;65000
3406;location;mumbai
2332;mileage;81.0
931;model_year;2017
1560;company;Royal-Enfield
3933;model_year;2011
299;power;19.8
1730;price;39000
3661;power;24.6
2960;kms_driven;33500
2676;company;Royal-Enfield
1451;power;42.9
2095;location;hyderabad
3098;kms_driven;13000
98;owner;first
2519;kms_driven;48500
1445;kms_driven;42000
1538;company;Yamaha
804;mileage;45.0
1295;mileage;38.5
1206;model_year;2019
1725;model_year;2016
1953;owner;first
102;model;Avenger
474;location;noida
1886;company;Bajaj
2423;location;chandigarh
1279;mileage;35.0
1790;power;27.2
2519;company;Bajaj
4040;company;Bajaj
2167;power;9.3
1132;company;Hero
2442;location;noida
746;owner;second
1441;mileage;55.47
3934;company;Bajaj
1681;model;Ninja
1511;location;noida
371;company;Hero
2203;owner;first
2529;kms_driven;54000
708;owner;first
2493;mileage;40.0
1257;power;19.0
3212;model;V15
1728;model_year;2012
1978;owner;first
1069;model;HF
1653;model;Karizma
2246;company;Royal-Enfield
2975;kms_driven;10741
2206;company;Hero
186;mileage;35.0
1501;model_year;2019
3543;model_year;2016
1134;power;10.72
4076;model_year;2018
764;model;YZF-R15
2457;price;47000
3336;mileage;48.0
552;power;24.8
1387;power;25.0
865;kms_driven;16000
1769;power;14.0
3172;model;RC
4004;company;Bajaj
2615;price;118800
1126;company;Bajaj
2210;owner;first
3799;owner;first
837;owner;first
75;kms_driven;17000
1229;kms_driven;8500
3780;kms_driven;3648
1005;price;69000
3385;company;Hero
2581;price;96698
1823;location;mumbai
963;power;29.1
201;model_year;2018
3931;company;Bajaj
4061;price;100000
3052;model_year;2018
943;kms_driven;8000
1625;company;Hero
1078;model_year;2017
3178;kms_driven;16428
1758;model_year;2002
3082;price;61600
1245;model;RC
394;model_year;2010
2098;power;19.8
3564;location;delhi
3543;mileage;50.0
3032;price;12000
2293;price;70000
3195;kms_driven;11982
1217;mileage;12.0
2773;location;ludhiana
1673;price;18000
410;mileage;5.0
3217;model_year;2013
2668;power;42.3
2006;power;47.0
3710;price;22000
1526;mileage;5.0
3317;power;26.1
2845;price;135000
1594;model_year;2012
1005;model_year;2017
3857;location;faridabad
3392;power;19.0
3840;kms_driven;45635
1257;company;Bajaj
1865;company;Harley-Davidson
3904;power;8.2
3882;kms_driven;5451
2899;mileage;53.0
1350;model_year;2014
1127;price;17000
2074;mileage;35.0
1413;mileage;25.0
2756;model_year;2015
2535;kms_driven;49000
933;company;Suzuki
983;owner;first
970;price;534000
2144;location;visakhapatnam
977;kms_driven;100000
1573;company;Yamaha
2959;owner;first
925;price;57700
2157;kms_driven;12000
3710;model;Discover
1986;model_year;2016
3953;company;Hero
2017;company;Royal-Enfield
571;company;Yamaha
1108;model_year;2017
2521;model;Classic
80;price;65000
2906;company;Royal-Enfield
2806;model_year;2016
2621;mileage;40.0
862;owner;first
1007;company;KTM
1654;power;11.8
2161;model_year;2016
3407;owner;first
1986;price;52100
2003;mileage;50.0
1619;model;Avenger
580;model;Avenger
2762;model;Avenger
2272;kms_driven;40000
1380;company;Royal-Enfield
3159;model;Apache
2636;owner;first
2552;kms_driven;8000
207;model_year;2016
3858;mileage;25.0
18;location;delhi
418;power;14.3
753;model;Karizma
183;model;Electra
790;model;FZs
1249;location;delhi
1119;model_year;2015
2003;price;44700
1093;price;90950
2555;mileage;40.0
1554;owner;first
1968;kms_driven;30000
19;company;Royal-Enfield
1404;price;135000
4013;owner;first
172;company;Royal-Enfield
3852;kms_driven;17000
970;location;noida
3565;price;98000
356;mileage;32.0
3660;location;ghaziabad
2348;owner;first
2239;kms_driven;58530
1990;price;110000
3848;location;pune
3496;mileage;20.0
2555;kms_driven;19000
1014;company;Yamaha
1435;model_year;2017
3930;owner;first
724;power;19.8
3558;owner;first
3282;price;24500
2432;mileage;20.0
2768;price;41000
3664;mileage;65.0
2687;owner;first
882;owner;first
3953;model_year;2009
79;company;Royal-Enfield
784;kms_driven;23126
2569;location;delhi
1553;kms_driven;25000
4047;owner;first
2721;power;47.0
803;location;delhi
3553;location;faridabad
1070;owner;first
420;kms_driven;55000
2455;model;YZF-R15
415;model;Electra
129;company;Honda
2804;owner;first
2915;price;75000
1053;kms_driven;10800
55;model_year;2018
1928;model_year;2016
3632;mileage;35.0
22;mileage;29.0
2711;model;Gixxer
4029;company;Hero
1131;price;181563
2421;company;Suzuki
626;price;80400
1290;kms_driven;14000
3582;mileage;26.0
869;location;jaipur
1711;model_year;2016
3792;mileage;35.0
4023;model_year;2015
2203;model_year;2014
243;model_year;2014
3031;mileage;35.0
2599;power;27.2
1829;model_year;2014
1304;location;dehradun
2626;owner;first
1821;model;Avenger
1046;model_year;2013
3748;owner;first
824;power;33.0
859;model_year;2016
182;model_year;2017
415;power;19.0
530;company;Hero
1182;owner;first
3703;owner;second
688;owner;first
2643;model_year;2015
2144;company;KTM
3890;company;Hero
2868;price;83000
2664;price;175000
700;model;Bullet
3326;power;19.8
1548;price;160000
655;company;Bajaj
1930;model;Classic
3899;power;19.8
470;owner;first
3556;power;12.32
1054;power;8.2
869;owner;first
1000;mileage;42.0
328;power;14.0
2481;company;Suzuki
1525;power;19.8
2148;model_year;2015
3739;power;25.1
2274;company;Hero
3412;power;19.0
1728;price;38000
3634;model;Classic
2550;price;101000
3276;location;delhi
2547;company;Bajaj
2217;owner;first
964;kms_driven;35779
3350;power;33.0
1709;owner;first
1541;location;surat
1215;mileage;35.0
1426;price;60000
1932;model;Avenger
1954;model_year;2015
1768;price;90000
2303;mileage;57.0
2945;price;155000
3088;company;Royal-Enfield
449;model_year;2019
3538;model_year;2017
1038;price;100000
4006;company;Bajaj
3215;company;Bajaj
585;location;delhi
861;mileage;45.0
3287;kms_driven;15000
682;kms_driven;19000
2542;mileage;35.0
1179;company;Royal-Enfield
1895;model;Bullet
2743;price;450000
3708;mileage;40.0
1161;company;Royal-Enfield
364;model;Pulsar
3616;mileage;20.0
1630;mileage;22.0
387;kms_driven;12500
3674;location;delhi
1850;power;12.2
3688;location;delhi
196;location;bangalore
305;power;8.17
1689;location;kolkata
994;power;8.0
3402;company;Bajaj
524;model;Bullet
1062;location;bangalore
2347;power;8.2
2464;model;V15
2120;location;mumbai
53;kms_driven;42821
671;model_year;2018
1775;price;140000
534;owner;first
754;model_year;2015
1278;mileage;30.0
404;owner;first
2519;owner;first
604;owner;first
2337;kms_driven;6200
2953;price;140000
3252;power;27.2
3456;model;Pulsar
4089;power;7.7
2428;model_year;2015
3036;mileage;53.0
1177;model;HF
3297;power;27.2
1305;price;170000
810;kms_driven;17415
103;company;Bajaj
3958;power;26.0
488;location;delhi
3047;model;Apache
1925;kms_driven;20000
3287;power;12.32
1402;location;delhi
630;owner;second
2288;power;13.0
2785;mileage;22.0
1787;kms_driven;27000
2125;model;Forty
3524;mileage;32.0
1839;mileage;35.0
1508;mileage;35.0
1333;power;14.6
2570;location;noida
2279;price;110000
1840;power;19.8
3490;model_year;2015
1075;power;19.8
3149;company;KTM
988;company;Hero
484;owner;first
1766;location;chandigarh
970;model;Street
66;mileage;63.0
2082;owner;first
3049;location;ahmedabad
2723;model_year;2014
3952;owner;first
2824;company;Hero
295;model;Avenger
322;location;jaipur
2676;mileage;35.0
1058;location;faridabad
254;model;Thunderbird
2622;mileage;48.0
2491;model;Apache
2388;kms_driven;8100
2602;company;Suzuki
3247;model_year;2016
651;mileage;38.0
1649;model;Gixxer
850;power;26.0
338;price;80000
443;mileage;38.0
3983;price;55000
2107;price;181562
2693;price;115000
3154;price;23000
3521;price;24000
1502;model;FZ25
1768;owner;second
1340;owner;first
1506;mileage;55.0
303;owner;first
2983;owner;first
1524;mileage;40.0
1476;owner;first
11;mileage;37.0
125;location;bangalore
218;kms_driven;16470
1768;model;Bullet
1871;company;Hero
1344;owner;first
1581;mileage;30.0
3476;price;98000
483;company;Royal-Enfield
2268;owner;first
2252;price;38000
3620;location;jaipur
1600;kms_driven;15000
1084;model_year;2017
2807;price;117000
3908;mileage;38.0
3441;price;625000
2352;owner;first
927;kms_driven;20000
2627;model_year;2016
3379;model_year;2017
3529;company;Bajaj
3636;price;100000
2676;power;19.8
1811;model_year;2017
3468;price;60000
3831;model_year;2006
379;power;20.3
28;power;21.0
1537;price;75000
1198;model;Classic
922;model_year;2013
3270;company;Hero
167;company;Hero
3;power;28.0
670;mileage;45.0
2328;mileage;35.0
1148;power;24.6
893;company;Hero
2544;location;delhi
1022;model_year;2017
3971;model;CD
1857;model_year;2017
436;power;11.64
2465;company;Honda
416;model_year;2017
588;mileage;42.0
1559;company;Royal-Enfield
4083;kms_driven;92466
2128;location;mumbai
265;model_year;2017
1115;location;delhi
2132;company;Hero
3887;company;Royal-Enfield
800;company;Bajaj
4012;kms_driven;10065
2103;kms_driven;10000
3951;power;12.32
3582;kms_driven;24000
1688;kms_driven;23000
931;mileage;40.0
1253;location;delhi
2381;kms_driven;49500
2003;company;Bajaj
1148;price;105000
927;price;125000
4016;price;100000
3227;company;Royal-Enfield
2920;company;Bajaj
2486;model_year;2018
146;price;133000
2710;owner;first
2850;mileage;32.0
799;kms_driven;7000
2432;model_year;2016
512;company;Royal-Enfield
1976;location;kolkata
401;location;mumbai
3871;company;Royal-Enfield
2389;company;Royal-Enfield
722;company;Bajaj
2171;price;197125
2840;price;70000
352;location;vadodara
1005;owner;first
1575;kms_driven;21322
159;price;42500
3136;owner;first
1994;kms_driven;45000
3061;model_year;2010
1865;mileage;20.0
1715;power;19.0
1233;company;Royal-Enfield
3514;company;Harley-Davidson
352;company;Royal-Enfield
1393;price;188000
1882;company;Hero
2904;location;bangalore
3403;mileage;21.0
1477;model;Avenger
490;kms_driven;37000
3198;location;jalandhar
1809;model;Bullet
2360;owner;first
2445;mileage;65.0
2537;mileage;40.0
1737;mileage;65.0
798;power;13.0
1665;owner;first
1505;owner;first
2987;owner;first
846;power;20.3
1125;kms_driven;5000
571;model_year;2016
438;location;ghaziabad
2126;mileage;20.0
2826;model;Xtreme
451;kms_driven;20517
818;power;19.0
3129;model_year;2016
2492;model;Thunderbird
78;company;Royal-Enfield
197;price;132000
3892;kms_driven;39778
3675;mileage;25.0
101;model_year;2014
2042;power;65.0
2684;power;19.8
2177;owner;second
820;mileage;25.0
3448;mileage;53.0
3447;model_year;2015
1148;kms_driven;30000
2409;company;Bajaj
1853;company;Bajaj
3512;kms_driven;5600
1822;company;Royal-Enfield
2590;price;89000
2973;owner;first
3380;model_year;2017
2636;price;108000
171;kms_driven;9301
121;model_year;2014
1946;price;39100
2454;model;Renegade
4006;owner;first
3317;company;Royal-Enfield
181;kms_driven;29000
3414;mileage;22.0
787;owner;first
1418;owner;first
3875;location;faridabad
4006;model_year;2013
2527;location;bangalore
